File Name: rbg174a.sop
Peel Setting: maximal
Max Width: 2048
Variety Search Width: 5
Parallel: false
Threads: 1
Time Limit (seconds): 3600
Memory Limit (GB): 640.0
Initial Solution:
Sequence: 1 2 5 3 4 8 6 9 7 13 11 10 17 16 14 19 15 20 12 18 28 26 24 22 23 21 30 29 25 31 27 34 35 37 36 33 32 40 38 42 41 39 45 43 44 50 49 48 47 46 57 52 54 53 56 51 73 60 59 62 55 65 58 68 67 72 66 61 70 63 64 75 74 71 69 80 79 78 76 87 84 89 82 83 77 86 85 81 90 96 95 91 93 92 94 88 109 103 98 97 106 110 99 107 100 101 102 105 104 112 114 111 108 115 113 116 122 119 118 117 123 124 120 121 127 126 125 145 132 128 129 153 141 134 130 138 140 139 133 137 146 135 155 143 136 154 142 131 148 150 144 147 152 151 149 163 158 157 168 159 169 160 164 156 162 167 166 165 161 171 173 170 172 175 174 176 
Cost: 2172
63.77 seconds
Bounds: [1066,2172]
Optimality Gap: 50.92%
Data: 1066,2172,50.92
263.65 seconds
Improved Solution:
Sequence: 1 2 5 3 4 10 8 6 9 7 13 11 18 17 12 16 14 19 20 15 25 24 21 28 26 23 22 27 34 32 35 30 29 33 36 31 38 37 40 42 41 39 45 44 43 47 46 48 50 49 51 57 52 54 53 60 59 58 73 56 55 61 64 62 63 71 65 68 66 67 72 76 75 70 74 69 84 89 82 77 80 79 78 90 87 88 86 85 81 83 91 92 96 95 98 93 94 101 97 109 103 107 99 110 100 102 104 106 111 105 112 108 113 115 114 119 121 118 117 120 116 122 126 123 124 125 127 129 145 132 128 133 137 155 143 134 130 138 131 153 141 146 135 152 140 154 142 139 148 136 149 147 150 144 151 165 161 158 157 164 156 162 167 166 168 159 169 160 163 173 170 172 171 175 174 176 
Cost: 2041
Bounds: [1066,2041]
Optimality Gap: 47.77%
Data: 1066,2041,47.77
355.99 seconds
Nodes In Queue: 1
Bounds: [1090,2041]
Optimality Gap: 46.589999999999996%
Data: 1090,2041,46.589999999999996
725.18 seconds
Nodes In Queue: 2
