File Name: rbg253a.sop
Peel Setting: maximal
Max Width: 2048
Variety Search Width: 5
Parallel: false
Threads: 1
Time Limit (seconds): 3600
Memory Limit (GB): 640.0
Initial Solution:
Sequence: 1 2 5 3 4 8 6 9 7 13 11 10 17 16 14 19 15 20 12 18 28 26 24 22 23 21 30 29 25 31 27 34 35 37 36 32 33 40 38 42 41 39 45 44 43 50 49 48 47 46 57 52 54 53 56 51 73 60 59 62 55 65 58 68 67 72 66 61 70 63 64 75 74 71 69 80 79 78 76 87 84 89 82 83 77 86 85 81 90 96 95 91 93 92 94 88 109 103 98 97 99 110 106 107 105 101 102 104 100 112 114 111 108 115 113 116 122 119 118 117 123 124 120 121 127 125 126 145 132 128 129 153 141 134 130 138 140 139 133 137 146 135 154 142 136 155 143 131 148 150 144 147 152 151 149 169 160 163 158 157 168 159 164 156 162 167 166 161 165 173 170 172 171 183 176 180 179 178 182 175 177 174 185 187 181 186 214 190 184 195 206 194 197 193 198 191 188 189 216 208 192 217 210 201 218 212 202 203 196 205 204 200 199 209 213 207 211 215 227 225 221 219 226 222 220 230 228 223 232 224 229 236 235 231 237 233 242 234 239 241 243 238 240 249 248 250 244 251 252 247 245 253 246 254 255 
Cost: 3148
167.06 seconds
Bounds: [1292,3148]
Optimality Gap: 58.96%
Data: 1292,3148,58.96
604.24 seconds
Improved Solution:
Sequence: 1 2 5 3 4 10 8 6 9 7 13 11 18 17 12 16 14 19 20 15 25 24 21 28 26 23 22 27 32 31 34 35 30 29 36 33 37 38 40 42 41 39 45 43 44 47 46 48 50 49 54 53 52 51 73 60 55 62 61 59 58 57 56 64 70 66 65 63 71 67 72 76 75 68 74 69 84 89 82 77 80 79 78 90 87 81 83 91 88 86 85 94 93 92 96 95 97 109 103 98 99 110 107 100 102 101 105 104 108 112 106 111 115 113 114 119 121 118 117 122 120 116 125 126 123 124 127 129 145 132 128 133 137 146 135 134 130 138 131 153 141 154 142 139 148 136 152 140 155 143 149 147 150 144 151 161 165 158 157 164 156 162 167 166 168 159 169 160 163 173 170 172 171 183 176 177 174 180 182 175 185 179 178 187 181 184 186 214 190 188 215 206 189 216 191 217 208 194 197 195 198 192 210 193 203 201 218 212 202 200 196 199 211 205 204 207 209 222 220 213 221 219 228 223 232 224 229 227 225 226 236 235 234 230 231 239 241 240 233 242 237 238 244 243 252 245 247 248 253 249 251 250 246 254 255 
Cost: 2968
Bounds: [1292,2968]
Optimality Gap: 56.47%
Data: 1292,2968,56.47
804.16 seconds
Nodes In Queue: 1
Bounds: [1421,2968]
Optimality Gap: 52.12%
Data: 1421,2968,52.12
1775.61 seconds
Nodes In Queue: 2
Bounds: [1424,2968]
Optimality Gap: 52.019999999999996%
Data: 1424,2968,52.019999999999996
2809.12 seconds
Nodes In Queue: 3
Bounds: [1503,2968]
Optimality Gap: 49.36%
Data: 1503,2968,49.36
3405.23 seconds
Nodes In Queue: 3
