File Name: ft70.3.sop
Peel Setting: maximal
Max Width: 2048
Variety Search Width: 5
Parallel: false
Threads: 1
Time Limit (seconds): 3600
Memory Limit (GB): 640.0
Initial Solution:
Sequence: 1 2 5 24 63 62 11 9 8 4 22 25 34 35 30 56 54 18 20 52 32 42 37 40 70 66 68 64 65 49 44 50 15 14 10 19 17 23 6 46 59 58 39 43 29 55 53 16 7 61 60 45 28 26 31 38 69 67 33 27 47 48 51 57 41 36 12 13 21 3 71 
Cost: 48190
20.77 seconds
Bounds: [33200,48190]
Optimality Gap: 31.11%
Data: 33200,48190,31.11
187.37 seconds
Improved Solution:
Sequence: 1 2 5 24 63 62 11 9 8 4 22 25 34 35 30 56 54 18 20 52 32 42 37 40 70 66 68 64 65 49 44 50 15 14 10 19 17 23 6 46 59 58 39 43 29 55 53 16 7 61 60 45 28 26 31 33 27 36 38 69 67 47 48 51 57 13 12 41 21 3 71 
Cost: 47987
Bounds: [33200,47987]
Optimality Gap: 30.81%
Data: 33200,47987,30.81
207.71 seconds
Improved Solution:
Sequence: 1 46 44 35 43 54 18 23 55 53 14 11 60 5 47 59 57 34 32 63 62 4 12 9 8 6 7 28 26 25 24 56 52 39 40 42 41 37 70 68 64 65 49 17 20 19 16 29 22 27 30 10 15 2 61 58 45 50 36 38 66 69 67 33 13 48 31 51 21 3 71 
Cost: 47277
Bounds: [33200,47277]
Optimality Gap: 29.78%
Data: 33200,47277,29.78
233.49 seconds
Nodes In Queue: 1
Bounds: [33395,47277]
Optimality Gap: 29.360000000000003%
Data: 33395,47277,29.360000000000003
494.18 seconds
Nodes In Queue: 2
Improved Solution:
Sequence: 1 39 14 9 8 15 11 5 24 22 25 34 35 30 56 54 18 20 52 32 63 62 42 37 40 70 66 68 64 65 49 44 4 19 17 23 10 6 46 59 58 45 50 36 43 29 55 53 16 7 61 60 28 26 31 38 41 33 27 47 69 67 48 57 13 12 51 21 3 2 71 
Cost: 47026
Bounds: [33425,47026]
Optimality Gap: 28.92%
Data: 33425,47026,28.92
750.66 seconds
Nodes In Queue: 3
Bounds: [33482,47026]
Optimality Gap: 28.799999999999997%
Data: 33482,47026,28.799999999999997
1009.72 seconds
Nodes In Queue: 4
Bounds: [33507,47026]
Optimality Gap: 28.749999999999996%
Data: 33507,47026,28.749999999999996
1256.97 seconds
Nodes In Queue: 5
Bounds: [33509,47026]
Optimality Gap: 28.74%
Data: 33509,47026,28.74
1764.83 seconds
Nodes In Queue: 7
Bounds: [33519,47026]
Optimality Gap: 28.720000000000002%
Data: 33519,47026,28.720000000000002
2025.12 seconds
Nodes In Queue: 8
Bounds: [33527,47026]
Optimality Gap: 28.71%
Data: 33527,47026,28.71
2294.47 seconds
Nodes In Queue: 9
Bounds: [33528,47026]
Optimality Gap: 28.7%
Data: 33528,47026,28.7
2552.39 seconds
Nodes In Queue: 10
Bounds: [33546,47026]
Optimality Gap: 28.660000000000004%
Data: 33546,47026,28.660000000000004
3093.29 seconds
Nodes In Queue: 12
Bounds: [33549,47026]
Optimality Gap: 28.660000000000004%
Data: 33549,47026,28.660000000000004
3375.43 seconds
Nodes In Queue: 13
