File Name: rbg358a.sop
Peel Setting: maximal
Max Width: 2048
Variety Search Width: 5
Parallel: false
Threads: 1
Time Limit (seconds): 3600
Memory Limit (GB): 640.0
Initial Solution:
Sequence: 1 4 3 2 15 5 13 17 8 27 14 29 18 6 16 23 11 24 7 21 22 9 10 25 30 26 19 12 20 28 34 33 47 32 31 35 36 46 42 39 45 40 37 44 38 41 43 69 57 90 60 73 63 50 58 56 59 49 67 55 48 75 64 54 52 51 65 53 76 66 68 61 70 62 74 71 72 87 86 81 79 82 89 85 78 80 77 83 88 84 97 91 114 105 92 108 93 94 111 98 95 107 131 102 106 99 100 112 101 109 96 104 115 110 113 103 119 123 122 121 116 117 118 124 120 126 125 129 137 130 128 127 151 139 134 153 145 132 152 143 133 148 140 149 136 141 162 147 173 138 135 150 146 154 142 144 161 156 157 158 155 159 160 172 168 163 164 167 166 170 169 165 184 182 171 208 194 200 176 305 191 193 206 202 183 174 186 185 175 197 179 298 218 177 195 180 178 201 211 188 213 209 181 187 214 210 299 199 189 207 212 190 198 307 215 196 204 300 313 216 192 203 205 318 217 329 250 264 334 260 221 330 253 219 320 243 240 220 262 225 224 226 229 317 261 331 255 223 269 263 332 259 222 252 270 227 244 228 233 245 231 311 230 310 248 232 314 247 236 249 237 246 251 242 322 267 241 234 238 235 297 239 254 337 321 258 256 257 339 281 340 279 338 271 265 284 283 342 276 266 343 282 268 280 275 274 290 293 289 287 273 272 277 278 344 291 285 349 348 292 347 286 345 288 295 346 296 350 294 308 353 306 352 302 304 303 351 301 355 315 316 354 312 309 325 357 319 327 324 323 326 328 336 359 335 356 358 333 341 360 
Cost: 3154
541.77 seconds
