File Name: kro124p.1.sop
Peel Setting: maximal
Max Width: 2048
Variety Search Width: 5
Parallel: false
Threads: 1
Time Limit (seconds): 3600
Memory Limit (GB): 640.0
Initial Solution:
Sequence: 1 93 28 58 61 87 51 9 12 55 7 57 86 27 20 35 62 60 77 98 91 23 45 11 15 17 21 74 72 10 49 6 63 90 79 53 88 94 22 70 65 66 4 97 80 31 89 42 8 67 64 40 2 44 69 73 50 68 85 30 96 37 5 52 14 71 3 29 34 46 43 41 100 48 78 33 13 76 95 82 39 81 32 59 36 84 38 24 99 18 16 19 56 75 26 92 54 25 83 47 101 
Cost: 47425
108.24 seconds
Bounds: [23592,47425]
Optimality Gap: 50.24999999999999%
Data: 23592,47425,50.24999999999999
646.33 seconds
Improved Solution:
Sequence: 1 93 28 58 61 87 51 9 12 7 57 86 27 20 35 62 60 23 98 91 15 11 21 74 72 10 63 6 49 79 53 88 94 22 70 66 4 97 80 31 89 42 8 92 32 17 45 77 54 40 64 73 50 78 96 5 52 30 48 41 100 71 3 43 46 14 29 34 83 55 85 68 44 2 82 95 13 76 33 37 39 81 69 25 67 75 19 90 84 38 24 99 36 59 18 16 65 26 56 47 101 
Cost: 45042
Bounds: [23592,45042]
Optimality Gap: 47.620000000000005%
Data: 23592,45042,47.620000000000005
1040.53 seconds
Nodes In Queue: 1
Bounds: [23693,45042]
Optimality Gap: 47.4%
Data: 23693,45042,47.4
2152.08 seconds
Nodes In Queue: 2
Bounds: [23710,45042]
Optimality Gap: 47.36%
Data: 23710,45042,47.36
3325.25 seconds
Nodes In Queue: 3
