File Name: ft70.1.sop
Peel Setting: maximal
Max Width: 2048
Variety Search Width: 5
Parallel: false
Threads: 1
Time Limit (seconds): 3600
Memory Limit (GB): 640.0
Initial Solution:
Sequence: 1 2 26 25 57 34 32 31 16 12 9 8 4 6 7 5 24 56 54 53 52 51 19 20 42 37 40 43 70 68 64 67 65 49 44 35 33 30 28 23 22 27 21 18 17 3 29 55 60 11 10 14 61 63 62 59 58 45 50 48 47 46 69 66 38 41 39 36 15 13 71 
Cost: 42268
64.97 seconds
Bounds: [32483,42268]
Optimality Gap: 23.150000000000002%
Data: 32483,42268,23.150000000000002
354.15 seconds
Nodes In Queue: 1
Improved Solution:
Sequence: 1 57 34 32 31 16 12 9 8 4 6 5 24 56 52 51 21 19 20 26 25 7 39 40 42 37 43 70 66 69 68 64 67 65 49 44 35 33 30 28 23 22 27 54 53 14 15 11 10 29 55 3 2 61 60 58 45 47 46 63 62 59 18 17 48 50 36 38 41 13 71 
Cost: 42043
Bounds: [32556,42043]
Optimality Gap: 22.56%
Data: 32556,42043,22.56
1156.65 seconds
Nodes In Queue: 2
Improved Solution:
Sequence: 1 5 24 53 26 25 57 34 32 31 16 12 9 8 4 6 7 21 19 20 56 52 51 54 39 40 42 37 43 70 66 69 68 64 67 65 49 44 35 33 28 23 22 27 29 55 60 11 10 14 15 18 17 3 2 61 63 62 59 58 45 48 47 46 50 36 38 41 30 13 71 
Cost: 41628
Bounds: [32587,41628]
Optimality Gap: 21.72%
Data: 32587,41628,21.72
1764.8 seconds
Nodes In Queue: 3
Bounds: [32601,41628]
Optimality Gap: 21.68%
Data: 32601,41628,21.68
2949.26 seconds
Nodes In Queue: 5
Improved Solution:
Sequence: 1 34 32 31 16 5 24 56 52 51 19 20 26 25 57 54 53 14 9 8 4 6 7 39 40 42 37 43 70 66 69 68 64 67 65 49 44 35 33 28 23 22 27 29 55 21 18 15 11 10 12 3 2 61 60 59 58 45 47 46 63 62 17 48 50 36 38 41 30 13 71 
Cost: 41430
Bounds: [32605,41430]
Optimality Gap: 21.3%
Data: 32605,41430,21.3
3562.59 seconds
Nodes In Queue: 6
