File Name: rbg132.2.tw
Makespan Objective: true
Peel Setting: maximal
Max Width: 2048
Variety Search Width: 100
Parallel: false
Threads: 1
Time Limit (seconds): 3600
Memory Limit (GB): 640.0
Initial Solution:
Sequence: 1 3 4 5 6 2 7 8 9 10 14 13 12 11 15 17 16 18 19 20 21 22 23 24 25 27 26 28 29 30 31 32 33 34 35 36 37 38 39 43 41 42 40 44 45 46 47 48 49 50 51 52 53 54 55 56 57 58 59 60 62 61 63 64 66 65 67 68 69 70 71 72 73 74 75 76 77 78 79 80 81 83 84 82 85 86 87 88 89 90 92 93 91 94 95 96 97 98 99 100 101 104 102 103 105 106 107 108 109 110 111 113 112 114 115 116 117 118 119 120 124 122 121 125 123 126 127 128 129 130 131 132 
Cost: 18524
121.19 seconds
Optimal Solution Found:
Sequence: 1 3 4 5 6 2 7 8 9 10 14 13 12 11 15 17 16 18 19 20 21 22 23 24 25 27 26 28 29 30 31 32 33 34 35 36 37 38 39 43 41 42 40 44 45 46 47 48 49 50 51 52 53 54 55 56 57 58 59 60 62 61 63 64 66 65 67 68 69 70 71 72 73 74 75 76 77 78 79 80 81 83 84 82 85 86 87 88 89 90 92 93 91 94 95 96 97 98 99 100 101 104 102 103 105 106 107 108 109 110 111 113 112 114 115 116 117 118 119 120 124 122 121 125 123 126 127 128 129 130 131 132 
Cost: 18524
383.13 seconds
Bounds: [18524.0,18524.0]
Optimality Gap: 0.0%
Data: 18524.0,18524.0,0.0
383.13 seconds
