File Name: rbg152.tw
Makespan Objective: true
Peel Setting: maximal
Max Width: 2048
Variety Search Width: 100
Parallel: false
Threads: 1
Time Limit (seconds): 3600
Memory Limit (GB): 640.0
Initial Solution:
Sequence: 1 5 2 3 6 4 8 7 9 10 12 11 13 14 15 16 17 18 19 20 21 22 23 24 25 26 27 28 29 30 31 32 35 33 34 36 37 38 39 40 41 42 44 43 45 46 47 48 49 50 51 55 53 52 54 56 57 58 59 60 61 62 63 64 65 66 67 68 69 70 71 72 73 74 75 76 77 78 79 80 81 82 83 84 85 86 87 88 89 90 91 92 93 94 95 96 97 99 98 109 100 102 101 104 103 105 106 107 108 110 111 112 113 114 115 116 117 118 119 120 125 122 123 121 124 126 127 128 129 130 131 132 133 134 135 136 139 137 138 140 142 141 145 143 144 146 147 148 149 150 151 152 
Cost: 17455
106.07 seconds
Optimal Solution Found:
Sequence: 1 5 2 3 6 4 8 7 9 10 12 11 13 14 15 16 17 18 19 20 21 22 23 24 25 26 27 28 29 30 31 32 35 33 34 36 37 38 39 40 41 42 44 43 45 46 47 48 49 50 51 55 53 52 54 56 57 58 59 60 61 62 63 64 65 66 67 68 69 70 71 72 73 74 75 76 77 78 79 80 81 82 83 84 85 86 87 88 89 90 91 92 93 94 95 96 97 99 98 109 100 102 101 104 103 105 106 107 108 110 111 112 113 114 115 116 117 118 119 120 125 122 123 121 124 126 127 128 129 130 131 132 133 134 135 136 139 137 138 140 142 141 145 143 144 146 147 148 149 150 151 152 
Cost: 17455
293.15 seconds
Bounds: [17455.0,17455.0]
Optimality Gap: 0.0%
Data: 17455.0,17455.0,0.0
293.16 seconds
