File Name: rbg193.2.tw
Makespan Objective: true
Peel Setting: maximal
Max Width: 2048
Variety Search Width: 100
Parallel: false
Threads: 1
Time Limit (seconds): 3600
Memory Limit (GB): 640.0
Initial Solution:
Sequence: 1 4 2 7 8 5 3 9 6 10 11 12 13 14 15 16 17 18 19 20 21 22 23 24 25 26 27 28 29 30 31 32 33 34 36 35 46 37 39 38 41 40 42 43 44 45 47 48 49 50 51 52 53 54 55 56 57 62 59 60 58 61 63 64 65 66 67 68 69 70 71 72 73 76 74 75 77 79 78 82 80 81 83 84 85 86 87 88 89 91 92 93 90 94 95 96 97 98 99 100 101 102 103 104 105 106 110 112 114 115 108 109 117 118 119 107 113 121 120 124 126 116 122 123 125 128 111 129 127 130 131 134 133 132 136 135 139 137 140 142 138 141 143 144 145 146 147 149 148 150 151 153 152 154 155 156 157 158 159 160 161 162 163 164 165 166 182 168 169 170 167 180 188 172 173 176 175 177 178 185 174 181 179 183 171 187 184 186 190 189 191 192 193 
Cost: 21401
310.44 seconds
Optimal Solution Found:
Sequence: 1 4 2 7 8 5 3 9 6 10 11 12 13 14 15 16 17 18 19 20 21 22 23 24 25 26 27 28 29 30 31 32 33 34 36 35 46 37 39 38 41 40 42 43 44 45 47 48 49 50 51 52 53 54 55 56 57 62 59 60 58 61 63 64 65 66 67 68 69 70 71 72 73 76 74 75 77 79 78 82 80 81 83 84 85 86 87 88 89 91 92 93 90 94 95 96 97 98 99 100 101 102 103 104 105 106 110 112 114 115 108 109 117 118 119 107 113 121 120 124 126 116 122 123 125 128 111 129 127 130 131 134 133 132 136 135 139 137 140 142 138 141 143 144 145 146 147 149 148 150 151 153 152 154 155 156 157 158 159 160 161 162 163 164 165 166 182 168 169 170 167 180 188 172 173 176 175 177 178 185 174 181 179 183 171 187 184 186 190 189 191 192 193 
Cost: 21401
1072.79 seconds
Bounds: [21401.0,21401.0]
Optimality Gap: 0.0%
Data: 21401.0,21401.0,0.0
1072.79 seconds
