File Name: rbg172a.tw
Makespan Objective: true
Peel Setting: maximal
Max Width: 2048
Variety Search Width: 100
Parallel: false
Threads: 1
Time Limit (seconds): 3600
Memory Limit (GB): 640.0
Initial Solution:
Sequence: 1 5 4 3 6 2 7 8 9 10 11 13 12 14 15 16 17 18 19 20 21 22 23 24 25 26 27 28 29 30 31 34 33 40 32 36 37 35 38 39 41 43 44 42 51 46 45 50 47 49 52 48 53 54 55 56 57 59 58 61 60 62 63 64 65 66 67 68 69 70 71 72 73 74 77 76 75 78 79 81 80 82 83 84 85 86 87 88 91 89 90 92 93 94 95 96 97 99 98 101 100 102 103 104 105 106 108 107 109 110 111 112 113 114 115 116 117 118 119 120 121 122 123 124 125 126 127 128 129 143 130 131 132 134 133 135 136 138 140 139 137 141 144 147 152 148 149 153 142 145 150 151 146 154 155 156 158 159 160 157 161 167 169 163 162 164 166 165 173 168 170 171 172 174 
Cost: 17817
149.87 seconds
Bounds: [17742.0,17817.0]
Optimality Gap: 0.42%
Data: 17742.0,17817.0,0.42
508.94 seconds
Improved Solution:
Sequence: 1 5 4 3 6 2 7 8 9 10 11 13 12 14 15 16 17 18 19 20 21 22 23 24 25 26 27 28 29 30 31 34 33 40 32 36 37 35 38 39 41 43 44 42 51 46 45 50 47 49 52 48 53 54 55 56 57 59 58 61 60 62 63 64 65 66 67 68 69 70 71 72 73 74 77 76 75 78 79 81 80 82 83 84 85 86 87 88 91 89 90 92 93 94 95 96 97 99 98 101 100 102 103 104 105 106 108 107 109 110 111 112 113 114 115 116 117 118 119 120 121 122 123 124 125 126 127 128 129 143 130 131 132 134 133 135 136 138 140 139 137 141 144 147 152 148 149 153 142 145 150 151 146 154 155 156 158 159 160 157 161 167 169 163 162 164 166 165 173 168 172 170 171 174 
Cost: 17804
Bounds: [17742.0,17804.0]
Optimality Gap: 0.35000000000000003%
Data: 17742.0,17804.0,0.35000000000000003
606.58 seconds
Improved Solution:
Sequence: 1 2 3 4 6 5 7 8 10 9 13 14 15 12 11 16 17 18 21 22 19 20 24 23 26 25 27 28 29 30 31 33 34 35 40 32 36 37 39 38 41 43 44 45 42 50 51 47 48 52 46 53 49 55 54 56 57 58 59 61 60 62 63 64 65 66 68 67 70 69 72 71 73 74 75 76 77 78 79 80 81 82 84 86 87 85 83 88 91 90 89 92 93 94 96 95 97 98 99 101 100 102 103 104 105 106 107 108 109 111 112 113 114 115 110 117 116 118 120 119 122 121 123 124 125 126 127 128 129 143 131 132 134 133 130 135 136 138 140 139 152 137 141 144 145 147 148 142 149 146 150 153 151 154 155 156 157 158 159 160 161 162 164 169 163 165 166 167 173 168 172 171 170 174 
Cost: 17784
Bounds: [17742.0,17784.0]
Optimality Gap: 0.24%
Data: 17742.0,17784.0,0.24
648.42 seconds
Nodes In Queue: 1
Bounds: [17766.0,17784.0]
Optimality Gap: 0.1%
Data: 17766.0,17784.0,0.1
1227.39 seconds
Nodes In Queue: 2
