File Name: rbg233.2.tw
Makespan Objective: true
Peel Setting: maximal
Max Width: 2048
Variety Search Width: 100
Parallel: false
Threads: 1
Time Limit (seconds): 3600
Memory Limit (GB): 640.0
Initial Solution:
Sequence: 1 6 4 3 7 8 5 2 9 10 11 12 13 14 15 16 17 18 19 23 25 27 28 21 22 30 31 32 20 26 34 33 37 39 29 35 36 38 41 24 42 40 43 44 47 46 45 49 48 52 50 53 55 51 54 56 57 58 59 60 62 61 63 64 66 65 67 68 69 70 71 72 73 74 75 76 77 78 79 95 81 82 83 80 93 101 85 86 89 88 90 91 98 87 92 94 96 84 100 97 99 103 102 104 105 107 106 108 109 110 111 112 113 114 115 116 117 118 119 120 121 122 123 124 125 127 126 128 129 130 131 132 133 134 135 136 137 138 139 140 141 142 144 143 145 146 147 148 149 150 158 151 153 154 155 156 152 157 159 160 161 162 163 164 165 166 167 168 170 169 173 171 172 174 177 175 176 179 178 182 181 180 183 184 185 186 187 188 189 190 197 192 191 193 199 194 195 202 198 196 200 203 201 205 204 206 207 209 208 210 211 212 213 214 215 216 218 217 219 220 221 222 224 223 225 226 227 228 229 230 231 232 233 
Cost: 26143
487.35 seconds
Optimal Solution Found:
Sequence: 1 6 4 3 7 8 5 2 9 10 11 12 13 14 15 16 17 18 19 23 25 27 28 21 22 30 31 32 20 26 34 33 37 39 29 35 36 38 41 24 42 40 43 44 47 46 45 49 48 52 50 53 55 51 54 56 57 58 59 60 62 61 63 64 66 65 67 68 69 70 71 72 73 74 75 76 77 78 79 95 81 82 83 80 93 101 85 86 89 88 90 91 98 87 92 94 96 84 100 97 99 103 102 104 105 107 106 108 109 110 111 112 113 114 115 116 117 118 119 120 121 122 123 124 125 127 126 128 129 130 131 132 133 134 135 136 137 138 139 140 141 142 144 143 145 146 147 148 149 150 158 151 153 154 155 156 152 157 159 160 161 162 163 164 165 166 167 168 170 169 173 171 172 174 177 175 176 179 178 182 181 180 183 184 185 186 187 188 189 190 197 192 191 193 199 194 195 202 198 196 200 203 201 205 204 206 207 209 208 210 211 212 213 214 215 216 218 217 219 220 221 222 224 223 225 226 227 228 229 230 231 232 233 
Cost: 26143
1386.83 seconds
Bounds: [26143.0,26143.0]
Optimality Gap: 0.0%
Data: 26143.0,26143.0,0.0
1386.83 seconds
