File Name: rbg193.tw
Makespan Objective: true
Peel Setting: maximal
Max Width: 2048
Variety Search Width: 100
Parallel: false
Threads: 1
Time Limit (seconds): 3600
Memory Limit (GB): 640.0
61.58 seconds
Bounds: [21080.0,NA]
Data: 21080.0,9223372036854775807,100.0
147.16 seconds
Improved Solution:
Sequence: 1 5 4 2 3 7 8 9 6 10 12 11 14 15 13 17 16 19 18 21 22 20 24 23 25 27 26 28 29 30 31 32 34 36 33 35 37 46 38 40 39 42 41 44 45 43 47 48 49 50 51 52 53 54 55 56 57 62 59 61 60 58 63 64 65 66 67 68 69 70 71 72 73 74 76 77 75 82 81 83 79 78 80 85 86 87 84 88 89 91 92 93 90 95 94 96 97 98 99 100 102 101 103 104 105 106 110 112 114 116 111 108 113 109 119 107 115 121 118 117 120 122 123 124 125 128 126 127 129 130 131 134 133 132 136 135 139 138 140 142 141 137 144 143 145 146 147 149 150 148 153 152 151 154 155 156 157 158 159 160 161 162 163 164 165 166 182 168 170 167 180 169 172 188 174 175 173 176 177 171 185 178 179 181 183 187 186 184 189 191 190 192 193 
Cost: 21401
Bounds: [21080.0,21401.0]
Optimality Gap: 1.5%
Data: 21080.0,21401.0,1.5
292.97 seconds
Nodes In Queue: 1
Optimal Solution Found:
Sequence: 1 5 4 2 3 7 8 9 6 10 12 11 14 15 13 17 16 19 18 21 22 20 24 23 25 27 26 28 29 30 31 32 34 36 33 35 37 46 38 40 39 42 41 44 45 43 47 48 49 50 51 52 53 54 55 56 57 62 59 61 60 58 63 64 65 66 67 68 69 70 71 72 73 74 76 77 75 82 81 83 79 78 80 85 86 87 84 88 89 91 92 93 90 95 94 96 97 98 99 100 102 101 103 104 105 106 110 112 114 116 111 108 113 109 119 107 115 121 118 117 120 122 123 124 125 128 126 127 129 130 131 134 133 132 136 135 139 138 140 142 141 137 144 143 145 146 147 149 150 148 153 152 151 154 155 156 157 158 159 160 161 162 163 164 165 166 182 168 170 167 180 169 172 188 174 175 173 176 177 171 185 178 179 181 183 187 186 184 189 191 190 192 193 
Cost: 21401
408.75 seconds
Bounds: [21401.0,21401.0]
Optimality Gap: 0.0%
Data: 21401.0,21401.0,0.0
408.75 seconds
