File Name: rbg201a.tw
Makespan Objective: true
Peel Setting: maximal
Max Width: 2048
Variety Search Width: 100
Parallel: false
Threads: 1
Time Limit (seconds): 3600
Memory Limit (GB): 640.0
Initial Solution:
Sequence: 1 2 6 3 7 4 8 5 9 10 11 13 12 14 15 16 17 18 19 20 21 22 23 24 25 26 27 28 29 30 31 34 33 40 32 36 37 35 38 39 41 51 44 42 43 46 45 50 47 49 52 48 53 54 55 56 57 59 58 61 60 62 63 64 65 66 67 68 69 70 71 72 73 74 77 75 76 78 79 81 80 82 83 84 85 86 87 88 91 89 90 92 93 94 95 96 97 99 98 101 100 102 103 104 105 106 108 107 109 110 111 112 113 114 115 116 117 118 119 120 121 122 123 124 125 126 127 128 129 143 130 131 132 134 133 135 136 138 140 139 137 141 144 147 152 148 149 153 142 145 150 151 146 154 155 156 158 159 160 157 161 167 169 163 162 164 166 165 173 168 170 171 178 175 174 172 176 177 183 180 181 179 184 185 182 187 186 188 189 190 191 192 193 194 195 196 197 198 199 200 201 202 203 
Cost: 21380
202.92 seconds
Optimal Solution Found:
Sequence: 1 2 6 3 7 4 8 5 9 10 11 13 12 14 15 16 17 18 19 20 21 22 23 24 25 26 27 28 29 30 31 34 33 40 32 36 37 35 38 39 41 51 44 42 43 46 45 50 47 49 52 48 53 54 55 56 57 59 58 61 60 62 63 64 65 66 67 68 69 70 71 72 73 74 77 75 76 78 79 81 80 82 83 84 85 86 87 88 91 89 90 92 93 94 95 96 97 99 98 101 100 102 103 104 105 106 108 107 109 110 111 112 113 114 115 116 117 118 119 120 121 122 123 124 125 126 127 128 129 143 130 131 132 134 133 135 136 138 140 139 137 141 144 147 152 148 149 153 142 145 150 151 146 154 155 156 158 159 160 157 161 167 169 163 162 164 166 165 173 168 170 171 178 175 174 172 176 177 183 180 181 179 184 185 182 187 186 188 189 190 191 192 193 194 195 196 197 198 199 200 201 202 203 
Cost: 21380
690.22 seconds
Bounds: [21380.0,21380.0]
Optimality Gap: 0.0%
Data: 21380.0,21380.0,0.0
690.22 seconds
