File Name: rbg092a.tw
Makespan Objective: true
Peel Setting: maximal
Max Width: 2048
Variety Search Width: 100
Parallel: false
Threads: 1
Time Limit (seconds): 3600
Memory Limit (GB): 640.0
Initial Solution:
Sequence: 1 3 2 4 8 9 5 7 6 11 10 12 13 14 15 16 17 18 19 20 21 22 24 23 25 26 28 27 29 30 31 32 33 34 35 36 38 37 39 40 41 42 43 44 45 47 49 46 48 50 52 51 53 54 55 56 57 58 59 60 61 62 63 64 65 66 67 68 69 77 70 71 72 73 74 75 76 78 79 85 80 82 81 83 84 86 87 89 88 90 91 92 93 94 
Cost: 12501
46.39 seconds
Optimal Solution Found:
Sequence: 1 3 2 4 8 9 5 7 6 11 10 12 13 14 15 16 17 18 19 20 21 22 24 23 25 26 28 27 29 30 31 32 33 34 35 36 38 37 39 40 41 42 43 44 45 47 49 46 48 50 52 51 53 54 55 56 57 58 59 60 61 62 63 64 65 66 67 68 69 77 70 71 72 73 74 75 76 78 79 85 80 82 81 83 84 86 87 89 88 90 91 92 93 94 
Cost: 12501
105.84 seconds
Bounds: [12501.0,12501.0]
Optimality Gap: 0.0%
Data: 12501.0,12501.0,0.0
105.84 seconds
