File Name: rbg233.tw
Makespan Objective: true
Peel Setting: maximal
Max Width: 2048
Variety Search Width: 100
Parallel: false
Threads: 1
Time Limit (seconds): 3600
Memory Limit (GB): 640.0
21.52 seconds
Bounds: [26028.0,NA]
Data: 26028.0,9223372036854775807,100.0
139.62 seconds
Improved Solution:
Sequence: 1 5 2 3 7 8 6 4 9 10 11 13 12 15 14 16 17 18 19 23 21 25 27 29 26 22 32 20 28 24 34 30 31 39 33 37 38 36 35 41 42 40 43 44 47 46 45 49 48 52 50 51 53 54 55 58 56 59 57 60 62 66 61 63 65 64 67 68 69 70 71 72 73 74 75 76 77 78 79 95 81 82 83 80 93 101 85 86 89 88 90 91 84 98 87 92 94 100 99 96 102 97 104 103 105 106 107 108 109 110 111 112 113 114 115 116 118 117 119 120 121 122 123 124 125 127 128 129 126 130 131 132 134 133 135 136 137 138 139 140 141 142 144 143 145 146 147 148 149 150 151 158 153 154 155 152 156 157 159 161 160 162 163 164 165 167 166 168 170 169 173 171 172 174 177 176 175 178 179 181 180 183 182 184 185 186 188 187 189 190 197 192 191 193 199 194 196 195 202 198 200 201 203 205 204 206 207 209 208 210 211 213 212 214 215 216 218 217 219 220 221 222 224 223 225 226 227 228 229 230 231 232 233 
Cost: 26143
Bounds: [26028.0,26143.0]
Optimality Gap: 0.44%
Data: 26028.0,26143.0,0.44
233.37 seconds
Nodes In Queue: 1
Optimal Solution Found:
Sequence: 1 5 2 3 7 8 6 4 9 10 11 13 12 15 14 16 17 18 19 23 21 25 27 29 26 22 32 20 28 24 34 30 31 39 33 37 38 36 35 41 42 40 43 44 47 46 45 49 48 52 50 51 53 54 55 58 56 59 57 60 62 66 61 63 65 64 67 68 69 70 71 72 73 74 75 76 77 78 79 95 81 82 83 80 93 101 85 86 89 88 90 91 84 98 87 92 94 100 99 96 102 97 104 103 105 106 107 108 109 110 111 112 113 114 115 116 118 117 119 120 121 122 123 124 125 127 128 129 126 130 131 132 134 133 135 136 137 138 139 140 141 142 144 143 145 146 147 148 149 150 151 158 153 154 155 152 156 157 159 161 160 162 163 164 165 167 166 168 170 169 173 171 172 174 177 176 175 178 179 181 180 183 182 184 185 186 188 187 189 190 197 192 191 193 199 194 196 195 202 198 200 201 203 205 204 206 207 209 208 210 211 213 212 214 215 216 218 217 219 220 221 222 224 223 225 226 227 228 229 230 231 232 233 
Cost: 26143
310.61 seconds
Bounds: [26143.0,26143.0]
Optimality Gap: 0.0%
Data: 26143.0,26143.0,0.0
310.61 seconds
