File Name: n100w20.001.txt
Makespan Objective: true
Peel Setting: maximal
Max Width: 2048
Variety Search Width: 100
Parallel: false
Threads: 1
Time Limit (seconds): 3600
Memory Limit (GB): 640.0
Initial Solution:
Sequence: 1 89 31 2 69 50 12 58 10 66 43 73 29 5 21 80 51 96 25 23 7 61 63 87 95 54 62 57 65 11 33 9 13 6 71 30 88 94 35 77 86 93 99 79 78 4 44 3 75 76 45 42 17 56 28 14 60 92 24 20 67 48 36 41 39 19 34 97 74 32 16 8 84 47 53 49 59 85 98 40 100 91 68 90 38 83 82 55 18 64 72 15 81 26 46 27 52 22 101 37 70 102 
Cost: 827
18.03 seconds
Optimal Solution Found:
Sequence: 1 89 31 2 69 50 12 58 10 66 43 73 29 5 21 80 51 96 25 23 7 61 63 87 95 54 62 57 65 11 33 9 13 6 71 30 88 94 35 77 86 93 99 79 78 4 44 3 75 76 45 42 17 56 28 14 60 92 24 20 67 48 36 41 39 19 34 97 74 32 16 8 84 47 53 49 59 85 98 40 100 91 68 90 38 83 82 55 18 64 72 15 81 26 46 27 52 22 101 37 70 102 
Cost: 827
22.6 seconds
Bounds: [827.0,827.0]
Optimality Gap: 0.0%
Data: 827.0,827.0,0.0
22.6 seconds
