File Name: n100w20.003.txt
Makespan Objective: true
Peel Setting: maximal
Max Width: 2048
Variety Search Width: 100
Parallel: false
Threads: 1
Time Limit (seconds): 3600
Memory Limit (GB): 640.0
4.95 seconds
Bounds: [834.0,NA]
Data: 834.0,9223372036854775807,100.0
22.46 seconds
Improved Solution:
Sequence: 1 98 36 62 34 35 39 58 61 7 48 16 94 27 78 97 21 54 22 17 84 71 99 26 69 51 14 57 86 93 80 37 90 76 87 46 50 49 23 10 9 44 19 72 91 53 67 74 66 79 77 92 55 73 6 88 45 5 11 24 31 32 13 15 95 82 8 12 33 81 18 41 60 43 65 25 56 75 38 83 59 2 89 52 40 3 4 20 100 42 47 68 64 63 29 28 96 70 85 101 30 102 
Cost: 834
Bounds: [834.0,834.0]
Optimality Gap: 0.0%
Data: 834.0,834.0,0.0
29.63 seconds
Optimal Solution Found:
Sequence: 1 98 36 62 34 35 39 58 61 7 48 16 94 27 78 97 21 54 22 17 84 71 99 26 69 51 14 57 86 93 80 37 90 76 87 46 50 49 23 10 9 44 19 72 91 53 67 74 66 79 77 92 55 73 6 88 45 5 11 24 31 32 13 15 95 82 8 12 33 81 18 41 60 43 65 25 56 75 38 83 59 2 89 52 40 3 4 20 100 42 47 68 64 63 29 28 96 70 85 101 30 102 
Cost: 834
29.63 seconds
Bounds: [834.0,834.0]
Optimality Gap: 0.0%
Data: 834.0,834.0,0.0
29.64 seconds
