File Name: n100w20.004.txt
Makespan Objective: true
Peel Setting: maximal
Max Width: 2048
Variety Search Width: 100
Parallel: false
Threads: 1
Time Limit (seconds): 3600
Memory Limit (GB): 640.0
Initial Solution:
Sequence: 1 97 90 43 58 40 27 23 52 72 7 24 67 78 35 73 39 62 65 86 30 28 26 37 68 83 8 76 81 10 21 82 9 12 94 44 42 45 13 98 75 32 46 93 49 36 55 79 88 74 63 57 38 3 18 48 14 84 11 69 92 96 34 51 53 66 54 25 59 17 95 85 31 60 15 22 33 80 16 99 47 89 6 87 56 64 91 41 5 20 50 71 19 2 61 29 4 77 101 100 70 102 
Cost: 828
18.04 seconds
Optimal Solution Found:
Sequence: 1 97 90 43 58 40 27 23 52 72 7 24 67 78 35 73 39 62 65 86 30 28 26 37 68 83 8 76 81 10 21 82 9 12 94 44 42 45 13 98 75 32 46 93 49 36 55 79 88 74 63 57 38 3 18 48 14 84 11 69 92 96 34 51 53 66 54 25 59 17 95 85 31 60 15 22 33 80 16 99 47 89 6 87 56 64 91 41 5 20 50 71 19 2 61 29 4 77 101 100 70 102 
Cost: 828
40.49 seconds
Bounds: [828.0,828.0]
Optimality Gap: 0.0%
Data: 828.0,828.0,0.0
40.49 seconds
