File Name: n100w20.005.txt
Makespan Objective: true
Peel Setting: maximal
Max Width: 2048
Variety Search Width: 100
Parallel: false
Threads: 1
Time Limit (seconds): 3600
Memory Limit (GB): 640.0
Initial Solution:
Sequence: 1 86 16 58 25 24 8 57 19 34 21 59 89 52 46 32 17 33 50 26 70 28 83 60 22 20 77 79 56 11 51 40 90 54 29 6 43 3 99 95 97 85 93 12 15 18 10 49 27 88 36 62 98 38 76 94 72 65 7 87 100 74 5 45 2 41 73 66 53 30 69 78 80 37 91 67 55 23 82 14 48 31 81 71 64 9 35 61 4 47 84 68 63 13 39 44 75 92 101 96 42 102 
Cost: 825
19.15 seconds
Optimal Solution Found:
Sequence: 1 86 16 58 25 24 8 57 19 34 21 59 89 52 46 32 17 33 50 26 70 28 83 60 22 20 77 79 56 11 51 40 90 54 29 6 43 3 99 95 97 85 93 12 15 18 10 49 27 88 36 62 98 38 76 94 72 65 7 87 100 74 5 45 2 41 73 66 53 30 69 78 80 37 91 67 55 23 82 14 48 31 81 71 64 9 35 61 4 47 84 68 63 13 39 44 75 92 101 96 42 102 
Cost: 825
43.67 seconds
Bounds: [825.0,825.0]
Optimality Gap: 0.0%
Data: 825.0,825.0,0.0
43.67 seconds
