File Name: n100w40.001.txt
Makespan Objective: true
Peel Setting: maximal
Max Width: 2048
Variety Search Width: 100
Parallel: false
Threads: 1
Time Limit (seconds): 3600
Memory Limit (GB): 640.0
Initial Solution:
Sequence: 1 17 100 29 40 20 45 3 70 67 33 38 31 77 48 47 58 8 87 54 22 63 89 59 41 4 18 62 6 79 34 84 82 46 5 27 42 24 65 55 13 95 85 28 86 19 12 61 14 76 57 36 90 15 81 2 23 94 92 60 72 49 52 91 56 75 21 99 7 71 30 64 93 80 66 26 10 98 43 73 35 88 11 83 9 78 32 37 53 39 16 51 68 96 69 74 25 44 101 97 50 102 
Cost: 841
31.26 seconds
Optimal Solution Found:
Sequence: 1 17 100 29 40 20 45 3 70 67 33 38 31 77 48 47 58 8 87 54 22 63 89 59 41 4 18 62 6 79 34 84 82 46 5 27 42 24 65 55 13 95 85 28 86 19 12 61 14 76 57 36 90 15 81 2 23 94 92 60 72 49 52 91 56 75 21 99 7 71 30 64 93 80 66 26 10 98 43 73 35 88 11 83 9 78 32 37 53 39 16 51 68 96 69 74 25 44 101 97 50 102 
Cost: 841
81.21 seconds
Bounds: [841.0,841.0]
Optimality Gap: 0.0%
Data: 841.0,841.0,0.0
81.21 seconds
