File Name: n100w40.004.txt
Makespan Objective: true
Peel Setting: maximal
Max Width: 2048
Variety Search Width: 100
Parallel: false
Threads: 1
Time Limit (seconds): 3600
Memory Limit (GB): 640.0
Initial Solution:
Sequence: 1 76 24 85 92 71 79 60 6 17 73 38 58 51 84 54 41 13 21 61 80 18 3 42 32 47 5 4 63 22 98 46 40 8 50 14 10 91 39 64 26 11 86 20 56 94 70 88 90 44 100 33 75 66 37 49 43 7 27 95 57 69 59 89 45 48 87 55 62 74 53 72 34 16 19 67 23 68 77 99 81 82 9 36 97 30 65 29 93 78 52 35 83 15 25 31 12 2 101 96 28 102 
Cost: 810
40.58 seconds
Bounds: [809.0,810.0]
Optimality Gap: 0.12%
Data: 809.0,810.0,0.12
88.17 seconds
Improved Solution:
Sequence: 1 76 24 85 92 71 79 60 6 17 73 38 58 51 84 54 41 13 21 61 80 18 3 42 32 47 5 4 63 22 98 46 40 8 50 14 10 91 39 64 26 11 86 20 56 94 70 88 90 44 100 33 75 66 37 49 43 7 27 95 57 69 59 89 45 48 87 55 62 74 53 72 34 16 19 67 23 68 77 99 81 82 9 36 97 30 65 29 93 78 52 35 83 15 25 31 12 2 96 101 28 102 
Cost: 809
Bounds: [809.0,809.0]
Optimality Gap: 0.0%
Data: 809.0,809.0,0.0
110.67 seconds
Nodes In Queue: 1
Optimal Solution Found:
Sequence: 1 76 24 85 92 71 79 60 6 17 73 38 58 51 84 54 41 13 21 61 80 18 3 42 32 47 5 4 63 22 98 46 40 8 50 14 10 91 39 64 26 11 86 20 56 94 70 88 90 44 100 33 75 66 37 49 43 7 27 95 57 69 59 89 45 48 87 55 62 74 53 72 34 16 19 67 23 68 77 99 81 82 9 36 97 30 65 29 93 78 52 35 83 15 25 31 12 2 96 101 28 102 
Cost: 809
142.37 seconds
Bounds: [809.0,809.0]
Optimality Gap: 0.0%
Data: 809.0,809.0,0.0
142.37 seconds
