File Name: n100w60.001.txt
Makespan Objective: true
Peel Setting: maximal
Max Width: 2048
Variety Search Width: 100
Parallel: false
Threads: 1
Time Limit (seconds): 3600
Memory Limit (GB): 640.0
25.14 seconds
Bounds: [824.0,NA]
Data: 824.0,9223372036854775807,100.0
76.29 seconds
Improved Solution:
Sequence: 1 25 38 45 43 3 20 52 7 18 86 29 9 46 84 82 15 74 37 30 79 50 81 34 10 91 61 59 76 33 80 99 62 88 22 16 11 75 40 69 78 12 96 97 28 27 44 55 14 51 53 35 77 47 13 36 19 98 2 4 83 68 60 63 66 41 49 73 8 24 85 57 48 54 32 5 93 26 87 89 65 71 94 42 72 31 17 23 64 67 56 21 39 6 92 58 95 90 70 100 101 102 
Cost: 824
Bounds: [824.0,824.0]
Optimality Gap: 0.0%
Data: 824.0,824.0,0.0
128.02 seconds
Optimal Solution Found:
Sequence: 1 25 38 45 43 3 20 52 7 18 86 29 9 46 84 82 15 74 37 30 79 50 81 34 10 91 61 59 76 33 80 99 62 88 22 16 11 75 40 69 78 12 96 97 28 27 44 55 14 51 53 35 77 47 13 36 19 98 2 4 83 68 60 63 66 41 49 73 8 24 85 57 48 54 32 5 93 26 87 89 65 71 94 42 72 31 17 23 64 67 56 21 39 6 92 58 95 90 70 100 101 102 
Cost: 824
128.03 seconds
Bounds: [824.0,824.0]
Optimality Gap: 0.0%
Data: 824.0,824.0,0.0
128.03 seconds
