File Name: n100w60.002.txt
Makespan Objective: true
Peel Setting: maximal
Max Width: 2048
Variety Search Width: 100
Parallel: false
Threads: 1
Time Limit (seconds): 3600
Memory Limit (GB): 640.0
Initial Solution:
Sequence: 1 57 43 100 67 64 41 59 84 71 39 40 24 17 53 9 98 45 23 75 96 78 65 6 55 38 54 18 47 42 86 25 99 33 46 48 27 79 34 80 28 76 22 93 63 52 4 36 31 70 13 81 88 19 97 12 21 91 14 20 85 90 7 5 73 50 29 69 95 49 82 66 51 62 94 15 37 87 35 44 72 11 74 56 58 92 68 3 77 30 32 83 60 89 61 26 2 10 101 16 8 102 
Cost: 782
46.04 seconds
Optimal Solution Found:
Sequence: 1 57 43 100 67 64 41 59 84 71 39 40 24 17 53 9 98 45 23 75 96 78 65 6 55 38 54 18 47 42 86 25 99 33 46 48 27 79 34 80 28 76 22 93 63 52 4 36 31 70 13 81 88 19 97 12 21 91 14 20 85 90 7 5 73 50 29 69 95 49 82 66 51 62 94 15 37 87 35 44 72 11 74 56 58 92 68 3 77 30 32 83 60 89 61 26 2 10 101 16 8 102 
Cost: 782
148.01 seconds
Bounds: [782.0,782.0]
Optimality Gap: 0.0%
Data: 782.0,782.0,0.0
148.01 seconds
