File Name: n150w20.001.txt
Makespan Objective: true
Peel Setting: maximal
Max Width: 2048
Variety Search Width: 100
Parallel: false
Threads: 1
Time Limit (seconds): 3600
Memory Limit (GB): 640.0
24.9 seconds
Bounds: [1034.0,NA]
Data: 1034.0,9223372036854775807,100.0
61.25 seconds
Improved Solution:
Sequence: 1 100 23 93 41 96 133 66 150 135 49 44 34 105 47 46 68 87 147 126 83 32 6 26 144 63 65 122 85 138 72 119 30 148 5 42 149 4 79 125 33 95 60 69 128 52 109 43 111 18 7 99 78 97 103 12 19 98 113 118 62 35 61 15 117 101 24 73 107 31 92 123 129 48 54 64 37 120 91 2 10 131 115 106 38 142 94 74 143 75 70 127 112 124 84 16 130 108 71 141 9 57 146 13 132 82 8 136 59 55 11 27 77 89 67 45 20 58 80 56 53 137 3 114 25 21 81 139 86 39 22 28 134 102 110 50 116 104 36 29 88 40 76 140 90 14 17 121 51 151 145 152 
Cost: 1034
Bounds: [1034.0,1034.0]
Optimality Gap: 0.0%
Data: 1034.0,1034.0,0.0
95.9 seconds
Optimal Solution Found:
Sequence: 1 100 23 93 41 96 133 66 150 135 49 44 34 105 47 46 68 87 147 126 83 32 6 26 144 63 65 122 85 138 72 119 30 148 5 42 149 4 79 125 33 95 60 69 128 52 109 43 111 18 7 99 78 97 103 12 19 98 113 118 62 35 61 15 117 101 24 73 107 31 92 123 129 48 54 64 37 120 91 2 10 131 115 106 38 142 94 74 143 75 70 127 112 124 84 16 130 108 71 141 9 57 146 13 132 82 8 136 59 55 11 27 77 89 67 45 20 58 80 56 53 137 3 114 25 21 81 139 86 39 22 28 134 102 110 50 116 104 36 29 88 40 76 140 90 14 17 121 51 151 145 152 
Cost: 1034
95.92 seconds
Bounds: [1034.0,1034.0]
Optimality Gap: 0.0%
Data: 1034.0,1034.0,0.0
95.92 seconds
