File Name: n150w20.002.txt
Makespan Objective: true
Peel Setting: maximal
Max Width: 2048
Variety Search Width: 100
Parallel: false
Threads: 1
Time Limit (seconds): 3600
Memory Limit (GB): 640.0
Initial Solution:
Sequence: 1 42 38 104 114 47 58 93 80 77 31 71 88 92 103 22 105 25 57 7 11 149 66 85 8 5 53 30 142 6 35 61 116 94 76 109 52 130 136 119 15 56 131 55 12 86 23 147 139 113 16 91 70 99 97 106 18 59 64 134 132 135 83 75 29 24 33 36 108 74 72 19 98 110 4 14 9 79 60 111 112 81 87 62 100 21 63 107 126 13 43 40 89 127 121 137 146 138 101 82 115 141 68 96 150 37 48 67 46 2 118 54 145 128 44 143 117 65 10 102 129 124 123 73 45 69 148 144 41 17 28 133 26 27 51 49 78 50 122 90 95 32 3 20 120 84 39 140 151 34 125 152 
Cost: 967
46.49 seconds
Optimal Solution Found:
Sequence: 1 42 38 104 114 47 58 93 80 77 31 71 88 92 103 22 105 25 57 7 11 149 66 85 8 5 53 30 142 6 35 61 116 94 76 109 52 130 136 119 15 56 131 55 12 86 23 147 139 113 16 91 70 99 97 106 18 59 64 134 132 135 83 75 29 24 33 36 108 74 72 19 98 110 4 14 9 79 60 111 112 81 87 62 100 21 63 107 126 13 43 40 89 127 121 137 146 138 101 82 115 141 68 96 150 37 48 67 46 2 118 54 145 128 44 143 117 65 10 102 129 124 123 73 45 69 148 144 41 17 28 133 26 27 51 49 78 50 122 90 95 32 3 20 120 84 39 140 151 34 125 152 
Cost: 967
95.51 seconds
Bounds: [967.0,967.0]
Optimality Gap: 0.0%
Data: 967.0,967.0,0.0
95.51 seconds
