File Name: n150w20.003.txt
Makespan Objective: true
Peel Setting: maximal
Max Width: 2048
Variety Search Width: 100
Parallel: false
Threads: 1
Time Limit (seconds): 3600
Memory Limit (GB): 640.0
Initial Solution:
Sequence: 1 65 41 132 83 29 149 79 31 141 8 142 138 98 30 94 130 28 39 33 35 95 69 12 37 86 10 82 84 20 99 66 32 54 25 90 55 85 127 52 27 150 45 6 87 80 60 117 53 18 47 4 105 70 108 77 143 104 34 124 71 64 101 40 38 100 74 51 19 103 23 43 5 121 58 129 116 92 15 56 62 11 3 97 63 109 44 147 107 76 114 91 144 140 42 137 119 88 59 16 111 9 21 118 115 24 148 26 75 2 110 145 136 113 68 61 93 46 22 112 128 126 131 57 49 146 7 89 134 14 73 72 120 106 81 67 96 13 123 133 102 48 139 17 125 78 135 122 151 50 36 152 
Cost: 959
68.42 seconds
Optimal Solution Found:
Sequence: 1 65 41 132 83 29 149 79 31 141 8 142 138 98 30 94 130 28 39 33 35 95 69 12 37 86 10 82 84 20 99 66 32 54 25 90 55 85 127 52 27 150 45 6 87 80 60 117 53 18 47 4 105 70 108 77 143 104 34 124 71 64 101 40 38 100 74 51 19 103 23 43 5 121 58 129 116 92 15 56 62 11 3 97 63 109 44 147 107 76 114 91 144 140 42 137 119 88 59 16 111 9 21 118 115 24 148 26 75 2 110 145 136 113 68 61 93 46 22 112 128 126 131 57 49 146 7 89 134 14 73 72 120 106 81 67 96 13 123 133 102 48 139 17 125 78 135 122 151 50 36 152 
Cost: 959
184.0 seconds
Bounds: [959.0,959.0]
Optimality Gap: 0.0%
Data: 959.0,959.0,0.0
184.01 seconds
