File Name: n150w20.004.txt
Makespan Objective: true
Peel Setting: maximal
Max Width: 2048
Variety Search Width: 100
Parallel: false
Threads: 1
Time Limit (seconds): 3600
Memory Limit (GB): 640.0
11.25 seconds
Bounds: [975.0,NA]
Data: 975.0,9223372036854775807,100.0
40.31 seconds
Nodes In Queue: 1
Improved Solution:
Sequence: 1 3 49 20 72 56 26 7 124 118 143 100 94 104 23 15 38 149 50 84 87 46 115 140 144 125 60 79 108 137 61 130 150 129 101 134 24 64 114 106 25 98 11 103 4 95 86 109 43 81 33 145 138 30 111 93 13 54 136 19 12 63 131 128 132 88 53 92 32 28 59 146 48 80 107 97 45 62 2 102 67 52 21 58 120 122 89 83 17 39 90 105 31 116 133 148 57 9 68 76 82 71 65 147 42 91 77 29 121 139 123 117 70 35 16 37 8 47 135 69 41 112 110 126 44 34 73 5 113 36 14 142 74 66 141 18 27 51 127 96 10 85 40 78 6 119 75 55 151 22 99 152 
Cost: 975
Bounds: [975.0,975.0]
Optimality Gap: 0.0%
Data: 975.0,975.0,0.0
113.7 seconds
Nodes In Queue: 1
Optimal Solution Found:
Sequence: 1 3 49 20 72 56 26 7 124 118 143 100 94 104 23 15 38 149 50 84 87 46 115 140 144 125 60 79 108 137 61 130 150 129 101 134 24 64 114 106 25 98 11 103 4 95 86 109 43 81 33 145 138 30 111 93 13 54 136 19 12 63 131 128 132 88 53 92 32 28 59 146 48 80 107 97 45 62 2 102 67 52 21 58 120 122 89 83 17 39 90 105 31 116 133 148 57 9 68 76 82 71 65 147 42 91 77 29 121 139 123 117 70 35 16 37 8 47 135 69 41 112 110 126 44 34 73 5 113 36 14 142 74 66 141 18 27 51 127 96 10 85 40 78 6 119 75 55 151 22 99 152 
Cost: 975
127.36 seconds
Bounds: [975.0,975.0]
Optimality Gap: 0.0%
Data: 975.0,975.0,0.0
127.36 seconds
