File Name: n150w20.005.txt
Makespan Objective: true
Peel Setting: maximal
Max Width: 2048
Variety Search Width: 100
Parallel: false
Threads: 1
Time Limit (seconds): 3600
Memory Limit (GB): 640.0
20.79 seconds
Bounds: [957.0,NA]
Data: 957.0,9223372036854775807,100.0
70.33 seconds
Nodes In Queue: 1
Optimal Solution Found:
Sequence: 1 107 65 32 12 120 118 147 104 136 133 5 88 16 62 63 73 28 8 19 101 35 84 116 48 66 106 30 11 75 29 54 121 24 90 143 74 150 109 6 145 112 56 3 99 140 13 34 25 102 27 82 39 98 76 135 87 77 40 97 59 81 113 26 31 61 18 68 44 60 45 138 141 91 21 69 37 46 23 126 146 92 53 131 117 103 83 57 125 71 20 41 132 67 64 55 100 72 17 9 130 96 122 22 15 86 7 47 149 10 110 51 58 129 2 128 42 134 50 14 79 105 49 137 85 70 123 78 124 111 52 139 80 95 93 94 115 127 43 108 38 89 144 119 36 114 4 148 33 151 142 152 
Cost: 957
172.32 seconds
Bounds: [957.0,957.0]
Optimality Gap: 0.0%
Data: 957.0,957.0,0.0
172.32 seconds
