File Name: n150w40.001.txt
Makespan Objective: true
Peel Setting: maximal
Max Width: 2048
Variety Search Width: 100
Parallel: false
Threads: 1
Time Limit (seconds): 3600
Memory Limit (GB): 640.0
35.52 seconds
Bounds: [1058.0,NA]
Data: 1058.0,9223372036854775807,100.0
87.42 seconds
Nodes In Queue: 1
Improved Solution:
Sequence: 1 41 31 110 143 103 81 73 20 113 148 13 125 118 9 139 106 117 49 29 47 87 134 62 104 16 21 42 150 114 56 36 119 121 24 14 64 2 37 3 51 22 28 83 58 72 97 26 78 94 141 33 109 105 38 107 10 39 65 34 112 138 145 6 67 50 88 30 74 93 55 17 146 23 92 147 11 70 61 132 35 46 120 7 69 135 45 124 68 82 102 98 89 66 122 84 100 18 25 80 27 59 142 40 137 101 140 75 63 116 85 131 48 57 15 149 86 32 43 53 44 77 96 128 111 115 133 91 126 8 129 71 136 19 144 60 127 52 99 76 79 130 95 12 90 4 5 123 108 151 54 152 
Cost: 1058
Bounds: [1058.0,1058.0]
Optimality Gap: 0.0%
Data: 1058.0,1058.0,0.0
1189.38 seconds
Nodes In Queue: 9
Optimal Solution Found:
Sequence: 1 41 31 110 143 103 81 73 20 113 148 13 125 118 9 139 106 117 49 29 47 87 134 62 104 16 21 42 150 114 56 36 119 121 24 14 64 2 37 3 51 22 28 83 58 72 97 26 78 94 141 33 109 105 38 107 10 39 65 34 112 138 145 6 67 50 88 30 74 93 55 17 146 23 92 147 11 70 61 132 35 46 120 7 69 135 45 124 68 82 102 98 89 66 122 84 100 18 25 80 27 59 142 40 137 101 140 75 63 116 85 131 48 57 15 149 86 32 43 53 44 77 96 128 111 115 133 91 126 8 129 71 136 19 144 60 127 52 99 76 79 130 95 12 90 4 5 123 108 151 54 152 
Cost: 1058
1629.73 seconds
Bounds: [1058.0,1058.0]
Optimality Gap: 0.0%
Data: 1058.0,1058.0,0.0
1629.73 seconds
