File Name: n150w40.002.txt
Makespan Objective: true
Peel Setting: maximal
Max Width: 2048
Variety Search Width: 100
Parallel: false
Threads: 1
Time Limit (seconds): 3600
Memory Limit (GB): 640.0
Initial Solution:
Sequence: 1 10 121 149 40 65 23 71 108 147 9 98 33 41 24 18 49 141 126 127 60 144 106 95 58 6 118 42 59 38 28 91 72 39 68 4 136 109 115 102 20 111 103 86 76 37 47 53 32 54 61 7 89 92 75 74 99 107 135 31 128 44 124 55 70 145 117 140 11 131 12 50 110 104 62 21 123 80 14 34 83 13 73 8 3 35 93 87 81 148 150 88 36 63 82 146 56 139 77 79 122 19 2 133 84 27 119 64 66 67 101 97 85 129 78 22 112 105 113 52 138 94 134 120 29 57 69 142 96 26 25 16 132 45 143 90 114 43 15 48 130 116 125 51 46 17 100 137 151 30 5 152 
Cost: 1072
86.09 seconds
Optimal Solution Found:
Sequence: 1 10 121 149 40 65 23 71 108 147 9 98 33 41 24 18 49 141 126 127 60 144 106 95 58 6 118 42 59 38 28 91 72 39 68 4 136 109 115 102 20 111 103 86 76 37 47 53 32 54 61 7 89 92 75 74 99 107 135 31 128 44 124 55 70 145 117 140 11 131 12 50 110 104 62 21 123 80 14 34 83 13 73 8 3 35 93 87 81 148 150 88 36 63 82 146 56 139 77 79 122 19 2 133 84 27 119 64 66 67 101 97 85 129 78 22 112 105 113 52 138 94 134 120 29 57 69 142 96 26 25 16 132 45 143 90 114 43 15 48 130 116 125 51 46 17 100 137 151 30 5 152 
Cost: 1072
302.8 seconds
Bounds: [1072.0,1072.0]
Optimality Gap: 0.0%
Data: 1072.0,1072.0,0.0
302.8 seconds
