File Name: n150w40.003.txt
Makespan Objective: true
Peel Setting: maximal
Max Width: 2048
Variety Search Width: 100
Parallel: false
Threads: 1
Time Limit (seconds): 3600
Memory Limit (GB): 640.0
27.42 seconds
Bounds: [894.0,NA]
Data: 894.0,9223372036854775807,100.0
141.9 seconds
Improved Solution:
Sequence: 1 87 139 143 16 142 95 71 14 44 89 88 36 54 72 52 81 104 39 141 125 5 18 34 64 76 121 23 7 62 75 86 29 93 30 97 21 127 107 6 47 108 59 31 140 80 3 137 26 124 146 42 60 96 24 84 22 129 35 49 82 136 103 122 138 111 114 19 46 98 2 38 123 131 130 69 58 70 78 33 112 25 56 118 147 109 119 20 43 132 106 144 77 94 120 135 53 12 51 45 9 101 61 27 85 115 113 117 102 65 74 73 17 37 32 99 13 105 110 50 149 133 68 4 10 92 134 57 148 145 15 8 63 11 55 41 91 90 66 116 79 126 83 100 48 67 150 40 128 151 28 152 
Cost: 894
Bounds: [894.0,894.0]
Optimality Gap: 0.0%
Data: 894.0,894.0,0.0
202.91 seconds
Optimal Solution Found:
Sequence: 1 87 139 143 16 142 95 71 14 44 89 88 36 54 72 52 81 104 39 141 125 5 18 34 64 76 121 23 7 62 75 86 29 93 30 97 21 127 107 6 47 108 59 31 140 80 3 137 26 124 146 42 60 96 24 84 22 129 35 49 82 136 103 122 138 111 114 19 46 98 2 38 123 131 130 69 58 70 78 33 112 25 56 118 147 109 119 20 43 132 106 144 77 94 120 135 53 12 51 45 9 101 61 27 85 115 113 117 102 65 74 73 17 37 32 99 13 105 110 50 149 133 68 4 10 92 134 57 148 145 15 8 63 11 55 41 91 90 66 116 79 126 83 100 48 67 150 40 128 151 28 152 
Cost: 894
202.92 seconds
Bounds: [894.0,894.0]
Optimality Gap: 0.0%
Data: 894.0,894.0,0.0
202.92 seconds
