File Name: n150w40.004.txt
Makespan Objective: true
Peel Setting: maximal
Max Width: 2048
Variety Search Width: 100
Parallel: false
Threads: 1
Time Limit (seconds): 3600
Memory Limit (GB): 640.0
Initial Solution:
Sequence: 1 48 87 142 20 39 108 61 36 77 46 133 84 94 128 66 68 150 9 85 109 101 57 38 143 73 50 11 53 54 129 86 15 42 116 115 140 134 72 119 131 92 56 146 91 126 49 79 47 78 71 96 25 12 26 75 27 98 127 30 113 4 102 97 122 44 55 10 125 59 28 62 58 107 64 74 120 114 31 148 105 14 112 124 139 103 45 6 60 32 29 136 149 93 111 51 80 118 7 104 65 123 130 40 8 2 76 21 89 121 88 17 22 13 82 144 70 34 41 52 106 67 23 117 137 19 110 18 16 43 33 83 24 63 95 81 5 138 37 141 69 147 100 90 99 35 135 151 132 3 145 152 
Cost: 948
92.88 seconds
Optimal Solution Found:
Sequence: 1 48 87 142 20 39 108 61 36 77 46 133 84 94 128 66 68 150 9 85 109 101 57 38 143 73 50 11 53 54 129 86 15 42 116 115 140 134 72 119 131 92 56 146 91 126 49 79 47 78 71 96 25 12 26 75 27 98 127 30 113 4 102 97 122 44 55 10 125 59 28 62 58 107 64 74 120 114 31 148 105 14 112 124 139 103 45 6 60 32 29 136 149 93 111 51 80 118 7 104 65 123 130 40 8 2 76 21 89 121 88 17 22 13 82 144 70 34 41 52 106 67 23 117 137 19 110 18 16 43 33 83 24 63 95 81 5 138 37 141 69 147 100 90 99 35 135 151 132 3 145 152 
Cost: 948
261.44 seconds
Bounds: [948.0,948.0]
Optimality Gap: 0.0%
Data: 948.0,948.0,0.0
261.44 seconds
