File Name: n150w40.005.txt
Makespan Objective: true
Peel Setting: maximal
Max Width: 2048
Variety Search Width: 100
Parallel: false
Threads: 1
Time Limit (seconds): 3600
Memory Limit (GB): 640.0
12.4 seconds
Bounds: [980.0,NA]
Data: 980.0,9223372036854775807,100.0
62.5 seconds
Nodes In Queue: 1
Improved Solution:
Sequence: 1 71 109 84 56 12 26 78 13 112 106 98 108 25 88 99 143 2 60 5 28 122 41 23 59 103 113 65 3 16 86 118 6 22 148 29 144 150 149 101 7 102 127 120 35 53 133 135 21 20 111 128 45 11 142 34 90 95 139 74 4 123 49 47 117 50 129 15 42 126 14 93 124 138 76 9 73 8 110 79 115 27 52 91 70 81 121 96 48 116 87 107 37 38 85 18 141 72 54 33 146 40 36 147 83 32 67 10 62 125 55 75 44 131 136 30 97 31 114 58 61 105 100 82 43 92 80 66 63 57 89 19 104 145 24 39 69 137 17 132 94 130 77 134 51 68 64 46 151 119 140 152 
Cost: 980
Bounds: [980.0,980.0]
Optimality Gap: 0.0%
Data: 980.0,980.0,0.0
3533.27 seconds
Nodes In Queue: 31
