File Name: n150w60.001.txt
Makespan Objective: true
Peel Setting: maximal
Max Width: 2048
Variety Search Width: 100
Parallel: false
Threads: 1
Time Limit (seconds): 3600
Memory Limit (GB): 640.0
Initial Solution:
Sequence: 1 123 57 110 37 130 83 11 129 115 140 81 44 112 82 29 56 125 70 116 32 40 80 68 7 69 146 43 22 5 104 84 122 16 86 17 50 20 91 34 108 47 131 18 149 147 139 9 143 105 46 2 118 58 21 65 99 30 49 51 78 111 102 90 13 76 62 73 137 133 15 95 92 119 124 89 26 12 3 60 97 72 25 14 27 8 98 134 107 136 101 45 106 31 100 103 19 148 128 39 67 120 88 35 117 55 74 53 33 48 79 75 54 113 71 87 94 77 138 66 142 59 41 52 6 150 96 4 145 23 126 93 141 85 135 38 121 127 64 24 42 28 109 63 114 36 61 132 10 151 144 152 
Cost: 1026
105.08 seconds
Bounds: [1009.0,1026.0]
Optimality Gap: 1.66%
Data: 1009.0,1026.0,1.66
477.32 seconds
Improved Solution:
Sequence: 1 110 57 123 37 130 115 83 129 11 81 140 44 112 82 7 29 56 32 125 70 116 40 80 68 69 20 146 43 22 104 5 84 122 16 86 17 50 91 108 105 46 47 149 131 18 147 34 143 139 9 2 58 21 118 65 99 49 30 111 102 78 51 73 62 76 13 90 137 133 15 95 124 119 92 89 26 60 3 12 97 14 25 72 27 8 45 98 134 107 106 101 136 100 103 31 19 148 128 39 120 67 88 35 55 117 74 53 33 48 54 113 79 75 71 52 94 77 87 138 66 59 41 142 4 96 6 150 23 126 93 145 121 38 135 85 141 127 64 24 42 28 109 63 114 36 61 132 10 151 144 152 
Cost: 1024
Bounds: [1009.0,1024.0]
Optimality Gap: 1.46%
Data: 1009.0,1024.0,1.46
571.6 seconds
Nodes In Queue: 1
Bounds: [1020.0,1024.0]
Optimality Gap: 0.38999999999999996%
Data: 1020.0,1024.0,0.38999999999999996
1120.12 seconds
Nodes In Queue: 2
Optimal Solution Found:
Sequence: 1 110 57 123 37 130 115 83 129 11 81 140 44 112 82 7 29 56 32 125 70 116 40 80 68 69 20 146 43 22 104 5 84 122 16 86 17 50 91 108 105 46 47 149 131 18 147 34 143 139 9 2 58 21 118 65 99 49 30 111 102 78 51 73 62 76 13 90 137 133 15 95 124 119 92 89 26 60 3 12 97 14 25 72 27 8 45 98 134 107 106 101 136 100 103 31 19 148 128 39 120 67 88 35 55 117 74 53 33 48 54 113 79 75 71 52 94 77 87 138 66 59 41 142 4 96 6 150 23 126 93 145 121 38 135 85 141 127 64 24 42 28 109 63 114 36 61 132 10 151 144 152 
Cost: 1024
1306.06 seconds
Bounds: [1024.0,1024.0]
Optimality Gap: 0.0%
Data: 1024.0,1024.0,0.0
1306.06 seconds
