File Name: n150w60.002.txt
Makespan Objective: true
Peel Setting: maximal
Max Width: 2048
Variety Search Width: 100
Parallel: false
Threads: 1
Time Limit (seconds): 3600
Memory Limit (GB): 640.0
8.84 seconds
Bounds: [940.0,NA]
Data: 940.0,9223372036854775807,100.0
94.6 seconds
Nodes In Queue: 1
Improved Solution:
Sequence: 1 93 90 52 36 45 89 64 74 12 149 57 43 82 110 39 140 22 13 62 143 98 20 5 100 42 87 134 49 115 141 137 35 139 17 78 71 67 51 122 23 72 96 103 25 86 117 4 27 97 123 148 105 146 88 3 70 68 60 28 94 116 108 31 32 40 113 133 18 75 101 69 81 119 145 26 38 106 53 59 73 129 11 99 63 30 19 132 120 150 61 83 2 9 85 114 7 104 84 107 121 54 77 135 58 55 33 128 76 138 8 95 79 34 144 102 6 130 50 125 112 127 91 10 14 111 126 136 142 44 15 109 47 66 48 41 46 56 37 92 16 147 65 21 80 29 24 124 151 131 118 152 
Cost: 951
Bounds: [940.0,951.0]
Optimality Gap: 1.16%
Data: 940.0,951.0,1.16
1272.46 seconds
Nodes In Queue: 10
Improved Solution:
Sequence: 1 93 90 52 36 45 89 64 74 149 12 57 43 82 110 140 39 22 13 62 5 143 98 20 100 42 87 134 49 115 141 137 35 139 17 78 71 67 51 122 23 72 96 103 25 86 117 4 27 97 123 148 105 146 88 3 70 68 60 28 94 116 108 31 32 40 113 75 101 69 81 145 119 38 133 106 18 26 73 59 53 129 11 99 63 30 19 132 120 150 61 83 2 9 85 114 7 104 84 107 121 54 77 135 58 33 55 128 76 138 8 95 79 34 144 102 6 130 50 125 112 127 91 10 14 111 126 136 142 44 15 109 47 66 48 41 46 56 37 92 16 147 65 21 80 29 24 124 118 131 151 152 
Cost: 941
Bounds: [940.0,941.0]
Optimality Gap: 0.11%
Data: 940.0,941.0,0.11
2557.09 seconds
Nodes In Queue: 15
