File Name: n150w60.003.txt
Makespan Objective: true
Peel Setting: maximal
Max Width: 2048
Variety Search Width: 100
Parallel: false
Threads: 1
Time Limit (seconds): 3600
Memory Limit (GB): 640.0
Initial Solution:
Sequence: 1 91 87 128 11 95 114 105 138 127 89 50 97 144 28 25 75 124 38 39 84 37 31 20 45 68 64 143 66 73 149 130 32 67 41 22 148 121 126 108 116 136 74 60 132 47 146 103 72 17 111 18 58 139 112 49 110 82 133 79 62 35 100 3 88 46 26 137 56 5 30 129 86 51 134 48 7 102 131 53 14 83 135 98 122 19 54 109 43 23 57 142 34 65 76 147 13 6 118 93 15 81 27 29 42 55 70 9 24 12 61 36 107 77 145 33 59 117 80 10 71 4 16 52 99 119 123 96 69 150 101 125 115 94 106 113 40 21 8 85 141 92 120 90 104 63 2 78 140 151 44 152 
Cost: 1012
107.38 seconds
Bounds: [984.0,1012.0]
Optimality Gap: 2.77%
Data: 984.0,1012.0,2.77
565.7 seconds
Nodes In Queue: 1
Improved Solution:
Sequence: 1 87 91 128 11 95 114 138 105 127 89 50 97 144 28 25 75 124 38 68 39 45 20 31 37 84 66 64 143 73 130 149 41 67 32 22 148 121 126 108 116 136 74 60 132 47 146 103 72 17 111 18 58 139 112 49 110 82 133 79 62 35 100 3 88 46 26 137 56 5 30 129 86 51 134 48 7 102 131 53 83 14 122 98 135 19 54 109 43 23 57 142 34 65 76 147 13 6 118 93 15 81 29 27 55 70 42 9 24 12 61 36 107 77 145 33 59 117 80 10 71 4 16 52 99 119 123 96 69 150 101 125 115 94 106 113 40 21 8 85 141 78 92 104 2 90 63 120 151 140 44 152 
Cost: 987
Bounds: [984.0,987.0]
Optimality Gap: 0.3%
Data: 984.0,987.0,0.3
1300.93 seconds
Nodes In Queue: 2
Improved Solution:
Sequence: 1 91 87 128 11 95 114 105 138 127 89 50 97 144 28 25 75 124 38 39 84 37 31 20 45 68 64 143 66 73 149 130 32 67 41 22 148 121 126 108 116 136 74 60 132 47 146 103 72 17 111 18 58 139 112 49 110 82 133 79 62 35 100 3 88 46 26 137 56 5 30 129 86 51 134 48 7 102 131 53 14 83 135 98 122 19 54 109 43 23 57 142 34 65 76 147 13 6 118 93 15 81 29 27 42 70 55 9 24 12 61 36 107 77 145 33 59 117 80 10 71 4 16 52 99 119 123 96 69 150 101 125 115 94 106 113 40 21 8 85 141 78 92 104 120 63 90 2 151 140 44 152 
Cost: 984
Bounds: [984.0,984.0]
Optimality Gap: 0.0%
Data: 984.0,984.0,0.0
1541.55 seconds
Nodes In Queue: 2
Optimal Solution Found:
Sequence: 1 91 87 128 11 95 114 105 138 127 89 50 97 144 28 25 75 124 38 39 84 37 31 20 45 68 64 143 66 73 149 130 32 67 41 22 148 121 126 108 116 136 74 60 132 47 146 103 72 17 111 18 58 139 112 49 110 82 133 79 62 35 100 3 88 46 26 137 56 5 30 129 86 51 134 48 7 102 131 53 14 83 135 98 122 19 54 109 43 23 57 142 34 65 76 147 13 6 118 93 15 81 29 27 42 70 55 9 24 12 61 36 107 77 145 33 59 117 80 10 71 4 16 52 99 119 123 96 69 150 101 125 115 94 106 113 40 21 8 85 141 78 92 104 120 63 90 2 151 140 44 152 
Cost: 984
1725.53 seconds
Bounds: [984.0,984.0]
Optimality Gap: 0.0%
Data: 984.0,984.0,0.0
1725.53 seconds
