File Name: n150w60.004.txt
Makespan Objective: true
Peel Setting: maximal
Max Width: 2048
Variety Search Width: 100
Parallel: false
Threads: 1
Time Limit (seconds): 3600
Memory Limit (GB): 640.0
11.88 seconds
Bounds: [998.0,NA]
Data: 998.0,9223372036854775807,100.0
89.55 seconds
Nodes In Queue: 1
Improved Solution:
Sequence: 1 132 130 45 40 114 138 5 145 93 4 27 78 115 99 12 47 148 43 88 60 63 136 77 85 76 8 39 82 13 150 36 84 9 67 33 141 42 108 113 44 137 22 104 71 49 56 123 38 73 19 37 126 124 119 46 50 149 75 17 74 118 146 35 65 106 80 101 68 24 125 96 120 48 139 29 128 16 87 144 95 55 102 140 129 90 103 143 57 7 10 64 18 66 134 69 61 94 26 147 72 109 142 70 79 122 15 97 14 59 111 30 98 51 28 86 3 100 41 58 25 127 2 54 20 133 31 34 53 135 62 110 92 121 131 6 116 52 11 89 91 107 21 23 117 81 105 32 83 151 112 152 
Cost: 998
Bounds: [998.0,998.0]
Optimality Gap: 0.0%
Data: 998.0,998.0,0.0
604.28 seconds
Nodes In Queue: 4
Optimal Solution Found:
Sequence: 1 132 130 45 40 114 138 5 145 93 4 27 78 115 99 12 47 148 43 88 60 63 136 77 85 76 8 39 82 13 150 36 84 9 67 33 141 42 108 113 44 137 22 104 71 49 56 123 38 73 19 37 126 124 119 46 50 149 75 17 74 118 146 35 65 106 80 101 68 24 125 96 120 48 139 29 128 16 87 144 95 55 102 140 129 90 103 143 57 7 10 64 18 66 134 69 61 94 26 147 72 109 142 70 79 122 15 97 14 59 111 30 98 51 28 86 3 100 41 58 25 127 2 54 20 133 31 34 53 135 62 110 92 121 131 6 116 52 11 89 91 107 21 23 117 81 105 32 83 151 112 152 
Cost: 998
1017.79 seconds
Bounds: [998.0,998.0]
Optimality Gap: 0.0%
Data: 998.0,998.0,0.0
1017.79 seconds
