File Name: n150w60.005.txt
Makespan Objective: true
Peel Setting: maximal
Max Width: 2048
Variety Search Width: 100
Parallel: false
Threads: 1
Time Limit (seconds): 3600
Memory Limit (GB): 640.0
39.29 seconds
Bounds: [997.0,NA]
Data: 997.0,9223372036854775807,100.0
132.48 seconds
Nodes In Queue: 1
Improved Solution:
Sequence: 1 22 149 87 118 14 30 88 102 2 35 148 50 15 55 20 84 78 23 150 42 83 131 24 52 85 33 121 125 82 72 122 9 12 147 146 66 73 81 100 107 136 63 139 108 27 141 64 86 57 18 114 39 58 26 123 101 38 143 111 7 130 135 104 44 142 113 79 46 128 70 132 124 129 77 105 76 4 126 41 37 53 68 75 36 49 54 93 48 127 34 43 117 112 10 99 103 16 98 11 56 94 120 3 25 31 28 62 47 71 92 109 91 80 67 59 74 137 21 133 106 65 8 95 61 40 13 51 17 96 119 6 145 140 60 116 110 144 19 90 32 115 138 45 29 69 134 5 151 97 89 152 
Cost: 997
Bounds: [997.0,997.0]
Optimality Gap: 0.0%
Data: 997.0,997.0,0.0
537.8 seconds
Nodes In Queue: 2
Optimal Solution Found:
Sequence: 1 22 149 87 118 14 30 88 102 2 35 148 50 15 55 20 84 78 23 150 42 83 131 24 52 85 33 121 125 82 72 122 9 12 147 146 66 73 81 100 107 136 63 139 108 27 141 64 86 57 18 114 39 58 26 123 101 38 143 111 7 130 135 104 44 142 113 79 46 128 70 132 124 129 77 105 76 4 126 41 37 53 68 75 36 49 54 93 48 127 34 43 117 112 10 99 103 16 98 11 56 94 120 3 25 31 28 62 47 71 92 109 91 80 67 59 74 137 21 133 106 65 8 95 61 40 13 51 17 96 119 6 145 140 60 116 110 144 19 90 32 115 138 45 29 69 134 5 151 97 89 152 
Cost: 997
704.4 seconds
Bounds: [997.0,997.0]
Optimality Gap: 0.0%
Data: 997.0,997.0,0.0
704.4 seconds
