File Name: n200w20.001.txt
Makespan Objective: true
Peel Setting: maximal
Max Width: 2048
Variety Search Width: 100
Parallel: false
Threads: 1
Time Limit (seconds): 3600
Memory Limit (GB): 640.0
53.26 seconds
Bounds: [1139.0,NA]
Data: 1139.0,9223372036854775807,100.0
163.0 seconds
Improved Solution:
Sequence: 1 107 61 35 25 26 174 24 135 136 85 75 97 38 110 128 50 16 117 185 130 198 2 21 115 139 77 113 144 108 131 137 184 60 51 56 47 54 98 105 90 42 173 10 9 52 44 19 74 57 194 3 129 114 87 187 96 106 157 172 109 28 65 59 62 30 100 23 88 120 53 159 118 183 37 197 167 124 68 48 12 7 127 31 79 160 148 82 32 196 169 39 178 76 149 64 175 123 103 200 34 67 191 33 119 140 69 189 180 17 112 91 181 78 49 168 14 195 101 133 8 70 111 95 94 182 73 11 147 122 72 158 141 84 4 80 163 177 83 81 138 151 121 102 18 66 153 104 89 143 165 126 46 152 199 27 13 20 55 162 154 193 170 176 58 92 71 166 5 132 164 40 15 155 86 188 179 22 116 41 146 43 145 150 190 36 63 171 45 99 142 93 192 125 134 186 161 156 6 201 29 202 
Cost: 1139
Bounds: [1139.0,1139.0]
Optimality Gap: 0.0%
Data: 1139.0,1139.0,0.0
236.02 seconds
Optimal Solution Found:
Sequence: 1 107 61 35 25 26 174 24 135 136 85 75 97 38 110 128 50 16 117 185 130 198 2 21 115 139 77 113 144 108 131 137 184 60 51 56 47 54 98 105 90 42 173 10 9 52 44 19 74 57 194 3 129 114 87 187 96 106 157 172 109 28 65 59 62 30 100 23 88 120 53 159 118 183 37 197 167 124 68 48 12 7 127 31 79 160 148 82 32 196 169 39 178 76 149 64 175 123 103 200 34 67 191 33 119 140 69 189 180 17 112 91 181 78 49 168 14 195 101 133 8 70 111 95 94 182 73 11 147 122 72 158 141 84 4 80 163 177 83 81 138 151 121 102 18 66 153 104 89 143 165 126 46 152 199 27 13 20 55 162 154 193 170 176 58 92 71 166 5 132 164 40 15 155 86 188 179 22 116 41 146 43 145 150 190 36 63 171 45 99 142 93 192 125 134 186 161 156 6 201 29 202 
Cost: 1139
236.03 seconds
Bounds: [1139.0,1139.0]
Optimality Gap: 0.0%
Data: 1139.0,1139.0,0.0
236.03 seconds
