File Name: n200w20.002.txt
Makespan Objective: true
Peel Setting: maximal
Max Width: 2048
Variety Search Width: 100
Parallel: false
Threads: 1
Time Limit (seconds): 3600
Memory Limit (GB): 640.0
49.9 seconds
Bounds: [1124.0,NA]
Data: 1124.0,9223372036854775807,100.0
98.0 seconds
Nodes In Queue: 1
Improved Solution:
Sequence: 1 33 187 28 39 8 193 50 48 10 6 197 25 153 101 139 22 125 119 74 3 186 158 176 34 92 185 16 183 184 2 72 23 110 67 188 173 17 91 112 189 104 80 27 71 180 106 148 157 140 168 156 89 120 166 123 76 54 68 172 47 165 175 90 15 164 116 129 84 43 38 111 86 97 81 94 35 7 132 135 75 127 45 114 154 12 46 142 117 131 138 151 146 145 199 103 49 196 62 58 109 192 14 87 79 152 59 32 60 163 177 190 93 9 73 182 29 133 144 130 37 19 126 162 171 141 78 136 51 44 61 30 122 191 70 200 181 42 170 98 36 41 194 198 26 113 108 5 121 161 115 124 95 137 63 150 118 66 24 64 99 174 100 69 21 82 134 56 143 107 31 169 85 57 102 83 55 88 65 149 11 18 160 128 147 52 155 13 179 105 195 53 20 178 96 77 40 4 201 159 167 202 
Cost: 1124
Bounds: [1124.0,1124.0]
Optimality Gap: 0.0%
Data: 1124.0,1124.0,0.0
477.22 seconds
Nodes In Queue: 1
Optimal Solution Found:
Sequence: 1 33 187 28 39 8 193 50 48 10 6 197 25 153 101 139 22 125 119 74 3 186 158 176 34 92 185 16 183 184 2 72 23 110 67 188 173 17 91 112 189 104 80 27 71 180 106 148 157 140 168 156 89 120 166 123 76 54 68 172 47 165 175 90 15 164 116 129 84 43 38 111 86 97 81 94 35 7 132 135 75 127 45 114 154 12 46 142 117 131 138 151 146 145 199 103 49 196 62 58 109 192 14 87 79 152 59 32 60 163 177 190 93 9 73 182 29 133 144 130 37 19 126 162 171 141 78 136 51 44 61 30 122 191 70 200 181 42 170 98 36 41 194 198 26 113 108 5 121 161 115 124 95 137 63 150 118 66 24 64 99 174 100 69 21 82 134 56 143 107 31 169 85 57 102 83 55 88 65 149 11 18 160 128 147 52 155 13 179 105 195 53 20 178 96 77 40 4 201 159 167 202 
Cost: 1124
529.27 seconds
Bounds: [1124.0,1124.0]
Optimality Gap: 0.0%
Data: 1124.0,1124.0,0.0
529.27 seconds
