File Name: n200w20.003.txt
Makespan Objective: true
Peel Setting: maximal
Max Width: 2048
Variety Search Width: 100
Parallel: false
Threads: 1
Time Limit (seconds): 3600
Memory Limit (GB): 640.0
Initial Solution:
Sequence: 1 32 179 39 186 174 49 84 83 98 41 188 156 161 195 166 121 63 30 124 107 55 102 178 90 144 76 170 158 192 62 48 72 197 92 100 106 196 163 52 159 146 185 22 7 17 198 119 73 190 99 69 140 103 23 116 177 88 28 59 50 57 154 97 60 109 110 118 15 153 10 131 56 133 167 13 187 89 113 141 9 137 115 70 96 78 74 132 71 184 14 93 136 51 25 8 111 120 101 112 24 77 105 173 168 183 85 58 180 64 200 42 193 157 43 54 172 91 128 114 130 16 108 37 139 155 145 175 122 19 2 129 171 12 38 40 82 135 27 151 44 152 36 127 104 47 182 45 53 6 160 123 3 194 79 87 68 35 149 148 80 5 191 75 18 126 31 143 150 169 65 147 176 21 66 134 61 95 138 162 189 86 26 33 11 142 181 94 34 199 29 81 46 4 164 67 165 201 117 20 125 202 
Cost: 1178
109.19 seconds
Optimal Solution Found:
Sequence: 1 32 179 39 186 174 49 84 83 98 41 188 156 161 195 166 121 63 30 124 107 55 102 178 90 144 76 170 158 192 62 48 72 197 92 100 106 196 163 52 159 146 185 22 7 17 198 119 73 190 99 69 140 103 23 116 177 88 28 59 50 57 154 97 60 109 110 118 15 153 10 131 56 133 167 13 187 89 113 141 9 137 115 70 96 78 74 132 71 184 14 93 136 51 25 8 111 120 101 112 24 77 105 173 168 183 85 58 180 64 200 42 193 157 43 54 172 91 128 114 130 16 108 37 139 155 145 175 122 19 2 129 171 12 38 40 82 135 27 151 44 152 36 127 104 47 182 45 53 6 160 123 3 194 79 87 68 35 149 148 80 5 191 75 18 126 31 143 150 169 65 147 176 21 66 134 61 95 138 162 189 86 26 33 11 142 181 94 34 199 29 81 46 4 164 67 165 201 117 20 125 202 
Cost: 1178
382.11 seconds
Bounds: [1178.0,1178.0]
Optimality Gap: 0.0%
Data: 1178.0,1178.0,0.0
382.11 seconds
