File Name: n200w20.004.txt
Makespan Objective: true
Peel Setting: maximal
Max Width: 2048
Variety Search Width: 100
Parallel: false
Threads: 1
Time Limit (seconds): 3600
Memory Limit (GB): 640.0
Initial Solution:
Sequence: 1 45 93 162 9 132 69 193 89 157 163 30 125 129 56 183 77 168 131 143 191 161 142 95 109 180 36 118 100 121 197 50 52 112 97 81 6 175 66 64 114 17 8 88 33 119 187 86 148 103 46 83 7 62 158 116 44 98 194 92 156 76 135 188 27 74 11 150 139 160 159 16 39 3 174 55 73 198 72 138 110 54 165 43 177 23 34 25 108 63 82 145 113 166 75 123 24 61 106 134 78 31 65 84 38 41 79 173 67 107 60 122 105 85 141 37 29 47 164 111 15 147 190 146 99 2 196 154 151 144 26 179 94 5 13 167 136 182 32 149 186 57 137 189 51 184 140 126 120 70 115 185 22 127 58 48 42 18 59 130 199 102 14 20 19 170 153 124 169 68 71 101 104 133 4 152 90 10 128 171 117 49 192 53 96 176 40 35 21 12 200 80 195 181 178 87 172 155 91 201 28 202 
Cost: 1125
113.94 seconds
Bounds: [1122.0,1125.0]
Optimality Gap: 0.27%
Data: 1122.0,1125.0,0.27
719.94 seconds
Nodes In Queue: 1
Optimal Solution Found:
Sequence: 1 45 93 162 9 132 69 193 89 157 163 30 125 129 56 183 77 168 131 143 191 161 142 95 109 180 36 118 100 121 197 50 52 112 97 81 6 175 66 64 114 17 8 88 33 119 187 86 148 103 46 83 7 62 158 116 44 98 194 92 156 76 135 188 27 74 11 150 139 160 159 16 39 3 174 55 73 198 72 138 110 54 165 43 177 23 34 25 108 63 82 145 113 166 75 123 24 61 106 134 78 31 65 84 38 41 79 173 67 107 60 122 105 85 141 37 29 47 164 111 15 147 190 146 99 2 196 154 151 144 26 179 94 5 13 167 136 182 32 149 186 57 137 189 51 184 140 126 120 70 115 185 22 127 58 48 42 18 59 130 199 102 14 20 19 170 153 124 169 68 71 101 104 133 4 152 90 10 128 171 117 49 192 53 96 176 40 35 21 12 200 80 195 181 178 87 172 155 91 201 28 202 
Cost: 1125
889.15 seconds
Bounds: [1125.0,1125.0]
Optimality Gap: 0.0%
Data: 1125.0,1125.0,0.0
889.15 seconds
