File Name: n200w20.005.txt
Makespan Objective: true
Peel Setting: maximal
Max Width: 2048
Variety Search Width: 100
Parallel: false
Threads: 1
Time Limit (seconds): 3600
Memory Limit (GB): 640.0
Initial Solution:
Sequence: 1 21 155 87 37 56 153 140 114 137 146 33 121 189 90 180 192 86 152 171 160 102 115 70 143 132 59 40 182 44 109 200 154 27 119 181 91 142 128 82 13 73 84 179 113 157 74 117 75 144 14 80 175 178 101 18 43 38 150 177 9 196 16 170 68 149 167 57 191 165 25 51 135 47 23 89 17 3 131 172 186 4 2 54 164 176 120 77 94 7 5 116 76 66 110 61 183 163 156 129 88 34 11 173 123 108 199 188 151 35 97 112 8 30 193 95 64 96 45 60 28 169 48 52 81 133 93 72 92 49 79 85 147 136 185 22 83 12 41 71 118 65 106 58 127 103 197 67 195 69 19 6 198 31 24 161 104 124 105 148 184 26 39 122 36 29 166 62 174 55 168 42 190 50 98 187 99 126 32 145 63 134 139 125 15 53 20 141 194 78 100 46 111 162 10 159 107 138 130 158 201 202 
Cost: 1125
107.61 seconds
Bounds: [1123.0,1125.0]
Optimality Gap: 0.18%
Data: 1123.0,1125.0,0.18
513.37 seconds
Improved Solution:
Sequence: 1 21 155 87 37 56 153 140 114 137 146 33 121 189 90 180 192 86 152 171 160 102 115 70 143 132 59 40 182 44 109 200 154 27 119 181 91 142 128 82 13 73 84 179 113 157 74 117 75 144 14 80 175 178 101 18 43 38 150 177 9 196 16 170 68 149 167 57 191 165 25 51 135 47 23 89 17 3 131 172 186 4 2 54 164 176 120 77 94 7 5 116 76 66 110 61 183 163 156 129 88 34 11 173 123 108 199 188 151 35 97 112 8 30 193 95 64 96 45 60 28 169 48 52 81 133 93 72 92 49 79 85 147 136 185 22 83 12 41 71 118 65 106 58 127 103 197 67 195 69 19 6 198 31 24 161 104 124 105 148 184 26 39 122 36 29 166 62 174 55 168 42 190 50 98 187 99 126 32 145 63 134 139 125 15 53 20 141 194 78 100 46 111 162 10 159 107 138 130 201 158 202 
Cost: 1123
Bounds: [1123.0,1123.0]
Optimality Gap: 0.0%
Data: 1123.0,1123.0,0.0
569.79 seconds
Nodes In Queue: 1
Optimal Solution Found:
Sequence: 1 21 155 87 37 56 153 140 114 137 146 33 121 189 90 180 192 86 152 171 160 102 115 70 143 132 59 40 182 44 109 200 154 27 119 181 91 142 128 82 13 73 84 179 113 157 74 117 75 144 14 80 175 178 101 18 43 38 150 177 9 196 16 170 68 149 167 57 191 165 25 51 135 47 23 89 17 3 131 172 186 4 2 54 164 176 120 77 94 7 5 116 76 66 110 61 183 163 156 129 88 34 11 173 123 108 199 188 151 35 97 112 8 30 193 95 64 96 45 60 28 169 48 52 81 133 93 72 92 49 79 85 147 136 185 22 83 12 41 71 118 65 106 58 127 103 197 67 195 69 19 6 198 31 24 161 104 124 105 148 184 26 39 122 36 29 166 62 174 55 168 42 190 50 98 187 99 126 32 145 63 134 139 125 15 53 20 141 194 78 100 46 111 162 10 159 107 138 130 201 158 202 
Cost: 1123
637.79 seconds
Bounds: [1123.0,1123.0]
Optimality Gap: 0.0%
Data: 1123.0,1123.0,0.0
637.79 seconds
