File Name: n200w40.001.txt
Makespan Objective: true
Peel Setting: maximal
Max Width: 2048
Variety Search Width: 100
Parallel: false
Threads: 1
Time Limit (seconds): 3600
Memory Limit (GB): 640.0
44.71 seconds
Bounds: [1188.0,NA]
Data: 1188.0,9223372036854775807,100.0
176.36 seconds
Improved Solution:
Sequence: 1 47 32 59 113 187 127 119 85 91 173 158 55 184 76 115 56 7 154 142 101 175 105 10 167 73 8 196 66 112 128 159 61 157 200 168 52 116 191 194 132 183 75 156 143 70 161 38 19 39 165 20 6 78 100 99 21 83 109 28 135 35 15 13 27 64 18 94 148 62 177 144 125 92 198 169 185 190 192 188 145 77 139 34 22 33 16 126 140 23 81 118 90 160 68 122 46 164 11 44 53 123 106 170 30 147 134 199 149 179 40 54 195 84 50 174 166 151 95 93 67 88 172 58 60 89 25 80 155 82 104 43 197 153 182 97 138 103 108 3 86 152 180 26 96 186 69 45 51 2 65 17 57 24 162 178 111 79 163 150 12 121 114 120 74 48 42 189 146 193 181 72 37 9 87 49 102 171 63 71 124 31 98 29 36 107 141 131 133 129 137 117 41 136 14 4 5 130 201 176 110 202 
Cost: 1188
Bounds: [1188.0,1188.0]
Optimality Gap: 0.0%
Data: 1188.0,1188.0,0.0
272.29 seconds
Optimal Solution Found:
Sequence: 1 47 32 59 113 187 127 119 85 91 173 158 55 184 76 115 56 7 154 142 101 175 105 10 167 73 8 196 66 112 128 159 61 157 200 168 52 116 191 194 132 183 75 156 143 70 161 38 19 39 165 20 6 78 100 99 21 83 109 28 135 35 15 13 27 64 18 94 148 62 177 144 125 92 198 169 185 190 192 188 145 77 139 34 22 33 16 126 140 23 81 118 90 160 68 122 46 164 11 44 53 123 106 170 30 147 134 199 149 179 40 54 195 84 50 174 166 151 95 93 67 88 172 58 60 89 25 80 155 82 104 43 197 153 182 97 138 103 108 3 86 152 180 26 96 186 69 45 51 2 65 17 57 24 162 178 111 79 163 150 12 121 114 120 74 48 42 189 146 193 181 72 37 9 87 49 102 171 63 71 124 31 98 29 36 107 141 131 133 129 137 117 41 136 14 4 5 130 201 176 110 202 
Cost: 1188
272.3 seconds
Bounds: [1188.0,1188.0]
Optimality Gap: 0.0%
Data: 1188.0,1188.0,0.0
272.3 seconds
