File Name: n200w40.003.txt
Makespan Objective: true
Peel Setting: maximal
Max Width: 2048
Variety Search Width: 100
Parallel: false
Threads: 1
Time Limit (seconds): 3600
Memory Limit (GB): 640.0
18.43 seconds
Bounds: [1133.0,NA]
Data: 1133.0,9223372036854775807,100.0
189.07 seconds
Improved Solution:
Sequence: 1 70 153 62 143 78 123 95 14 122 84 135 27 113 137 179 120 174 57 47 112 61 158 5 24 160 63 31 173 53 43 195 196 23 54 124 100 157 140 33 200 72 119 129 28 171 85 59 12 97 152 6 186 177 133 127 42 4 81 156 139 169 34 9 55 71 41 52 67 21 188 17 181 90 93 144 134 76 121 117 98 15 25 87 20 94 66 159 89 163 147 39 92 180 65 199 166 189 167 68 175 148 101 105 64 145 107 141 46 19 132 22 10 161 103 138 149 77 154 187 29 2 184 13 82 108 86 8 83 150 99 126 40 190 128 162 165 182 197 142 26 111 38 32 168 58 115 73 51 109 170 35 155 106 75 176 37 50 49 30 192 178 60 198 114 131 110 80 18 146 3 7 96 104 88 191 183 74 185 102 151 69 193 118 56 125 11 130 16 164 172 91 44 136 194 79 116 48 201 45 36 202 
Cost: 1134
Bounds: [1133.0,1134.0]
Optimality Gap: 0.09%
Data: 1133.0,1134.0,0.09
258.79 seconds
Nodes In Queue: 1
Optimal Solution Found:
Sequence: 1 70 153 62 143 78 123 95 14 122 84 135 27 113 137 179 120 174 57 47 112 61 158 5 24 160 63 31 173 53 43 195 196 23 54 124 100 157 140 33 200 72 119 129 28 171 85 59 12 97 152 6 186 177 133 127 42 4 81 156 139 169 34 9 55 71 41 52 67 21 188 17 181 90 93 144 134 76 121 117 98 15 25 87 20 94 66 159 89 163 147 39 92 180 65 199 166 189 167 68 175 148 101 105 64 145 107 141 46 19 132 22 10 161 103 138 149 77 154 187 29 2 184 13 82 108 86 8 83 150 99 126 40 190 128 162 165 182 197 142 26 111 38 32 168 58 115 73 51 109 170 35 155 106 75 176 37 50 49 30 192 178 60 198 114 131 110 80 18 146 3 7 96 104 88 191 183 74 185 102 151 69 193 118 56 125 11 130 16 164 172 91 44 136 194 79 116 48 201 45 36 202 
Cost: 1134
383.87 seconds
Bounds: [1134.0,1134.0]
Optimality Gap: 0.0%
Data: 1134.0,1134.0,0.0
383.87 seconds
