File Name: n200w40.004.txt
Makespan Objective: true
Peel Setting: maximal
Max Width: 2048
Variety Search Width: 100
Parallel: false
Threads: 1
Time Limit (seconds): 3600
Memory Limit (GB): 640.0
Initial Solution:
Sequence: 1 120 188 36 42 54 6 69 109 137 48 73 25 148 174 114 2 12 24 80 168 185 142 144 143 133 184 65 68 192 93 46 63 104 67 8 199 119 76 190 50 131 27 94 37 171 55 127 181 83 159 116 165 160 66 128 121 154 153 51 124 196 58 57 103 170 151 100 38 112 102 163 113 169 22 167 15 140 32 88 28 29 19 62 41 145 195 177 90 166 117 194 87 115 141 126 200 11 61 157 40 96 147 182 49 180 138 135 35 21 60 106 23 34 164 161 59 53 129 26 122 79 99 98 74 125 173 31 197 152 156 33 178 146 107 136 78 3 172 89 91 189 139 84 183 85 20 134 64 110 123 176 111 97 198 193 43 86 101 5 175 186 47 77 72 39 162 45 81 4 70 52 71 150 16 7 18 75 44 30 108 14 191 187 82 92 56 17 10 149 13 105 155 130 118 179 9 132 158 201 95 202 
Cost: 1150
206.47 seconds
Optimal Solution Found:
Sequence: 1 120 188 36 42 54 6 69 109 137 48 73 25 148 174 114 2 12 24 80 168 185 142 144 143 133 184 65 68 192 93 46 63 104 67 8 199 119 76 190 50 131 27 94 37 171 55 127 181 83 159 116 165 160 66 128 121 154 153 51 124 196 58 57 103 170 151 100 38 112 102 163 113 169 22 167 15 140 32 88 28 29 19 62 41 145 195 177 90 166 117 194 87 115 141 126 200 11 61 157 40 96 147 182 49 180 138 135 35 21 60 106 23 34 164 161 59 53 129 26 122 79 99 98 74 125 173 31 197 152 156 33 178 146 107 136 78 3 172 89 91 189 139 84 183 85 20 134 64 110 123 176 111 97 198 193 43 86 101 5 175 186 47 77 72 39 162 45 81 4 70 52 71 150 16 7 18 75 44 30 108 14 191 187 82 92 56 17 10 149 13 105 155 130 118 179 9 132 158 201 95 202 
Cost: 1150
1004.33 seconds
Bounds: [1150.0,1150.0]
Optimality Gap: 0.0%
Data: 1150.0,1150.0,0.0
1004.33 seconds
