File Name: n200w40.005.txt
Makespan Objective: true
Peel Setting: maximal
Max Width: 2048
Variety Search Width: 100
Parallel: false
Threads: 1
Time Limit (seconds): 3600
Memory Limit (GB): 640.0
29.24 seconds
Bounds: [1171.0,NA]
Data: 1171.0,9223372036854775807,100.0
205.46 seconds
Nodes In Queue: 1
Optimal Solution Found:
Sequence: 1 93 105 9 106 171 4 77 146 113 137 170 117 143 75 193 107 68 26 43 85 3 132 44 28 37 54 63 31 182 122 174 82 73 126 150 39 200 50 160 111 165 55 16 41 194 96 164 101 25 198 87 153 119 177 167 65 19 91 58 181 92 144 168 10 6 27 52 78 62 166 24 70 33 88 154 5 129 147 130 134 38 141 159 192 172 66 29 116 138 97 189 13 145 11 133 8 20 155 12 180 64 2 98 108 34 15 149 21 112 61 191 131 120 115 23 186 84 190 79 32 185 71 109 80 114 118 121 184 125 59 90 94 53 136 127 161 14 110 89 95 60 175 197 49 187 56 46 81 67 123 48 188 124 86 45 142 135 179 103 162 173 100 178 22 169 99 7 183 163 76 35 57 42 40 157 17 104 30 151 196 18 128 74 156 199 139 36 176 152 158 47 69 51 83 140 102 72 201 195 148 202 
Cost: 1171
494.14 seconds
Bounds: [1171.0,1171.0]
Optimality Gap: 0.0%
Data: 1171.0,1171.0,0.0
494.15 seconds
