File Name: n100w120.003.txt
Makespan Objective: true
Peel Setting: maximal
Max Width: 2048
Variety Search Width: 100
Parallel: false
Threads: 1
Time Limit (seconds): 3600
Memory Limit (GB): 640.0
Initial Solution:
Sequence: 1 65 41 83 29 79 8 31 98 39 33 95 30 28 94 35 37 12 69 86 10 82 84 20 99 54 66 32 55 85 6 52 45 27 80 60 87 18 53 4 47 25 90 70 77 34 71 64 101 40 19 38 74 100 51 43 23 5 58 92 11 62 56 15 3 97 63 44 76 91 42 88 59 16 9 21 24 26 75 2 61 46 68 93 22 57 49 7 89 72 14 73 81 67 96 13 48 17 78 50 36 102 
Cost: 909
92.37 seconds
Optimal Solution Found:
Sequence: 1 65 41 83 29 79 8 31 98 39 33 95 30 28 94 35 37 12 69 86 10 82 84 20 99 54 66 32 55 85 6 52 45 27 80 60 87 18 53 4 47 25 90 70 77 34 71 64 101 40 19 38 74 100 51 43 23 5 58 92 11 62 56 15 3 97 63 44 76 91 42 88 59 16 9 21 24 26 75 2 61 46 68 93 22 57 49 7 89 72 14 73 81 67 96 13 48 17 78 50 36 102 
Cost: 909
193.51 seconds
Bounds: [909.0,909.0]
Optimality Gap: 0.0%
Data: 909.0,909.0,0.0
193.51 seconds
