File Name: n100w120.004.txt
Makespan Objective: true
Peel Setting: maximal
Max Width: 2048
Variety Search Width: 100
Parallel: false
Threads: 1
Time Limit (seconds): 3600
Memory Limit (GB): 640.0
Initial Solution:
Sequence: 1 20 3 49 72 56 7 26 94 23 38 50 15 84 87 61 46 79 60 100 24 64 101 25 98 11 4 86 33 81 43 95 30 13 54 19 93 12 63 88 53 92 32 28 59 48 80 45 62 2 67 21 58 52 89 83 17 39 90 31 97 82 68 76 71 65 42 91 77 29 9 57 37 8 47 16 69 41 70 35 44 73 34 5 36 14 74 66 18 27 51 96 10 85 40 78 6 75 55 22 99 102 
Cost: 923
82.85 seconds
Optimal Solution Found:
Sequence: 1 20 3 49 72 56 7 26 94 23 38 50 15 84 87 61 46 79 60 100 24 64 101 25 98 11 4 86 33 81 43 95 30 13 54 19 93 12 63 88 53 92 32 28 59 48 80 45 62 2 67 21 58 52 89 83 17 39 90 31 97 82 68 76 71 65 42 91 77 29 9 57 37 8 47 16 69 41 70 35 44 73 34 5 36 14 74 66 18 27 51 96 10 85 40 78 6 75 55 22 99 102 
Cost: 923
262.32 seconds
Bounds: [923.0,923.0]
Optimality Gap: 0.0%
Data: 923.0,923.0,0.0
262.32 seconds
