File Name: n100w120.001.txt
Makespan Objective: true
Peel Setting: maximal
Max Width: 2048
Variety Search Width: 100
Parallel: false
Threads: 1
Time Limit (seconds): 3600
Memory Limit (GB): 640.0
Initial Solution:
Sequence: 1 100 93 23 96 41 87 68 46 47 34 44 49 83 32 6 26 63 30 66 5 85 65 72 42 4 79 33 95 60 43 69 52 18 7 99 78 97 12 19 98 62 35 61 15 101 24 73 31 92 54 48 91 2 37 64 10 38 94 74 75 70 84 16 71 9 57 13 8 82 55 77 59 11 27 67 20 45 89 80 56 53 58 3 25 21 81 86 39 28 22 50 36 29 88 76 40 90 14 17 51 102 
Cost: 882
81.44 seconds
Optimal Solution Found:
Sequence: 1 100 93 23 96 41 87 68 46 47 34 44 49 83 32 6 26 63 30 66 5 85 65 72 42 4 79 33 95 60 43 69 52 18 7 99 78 97 12 19 98 62 35 61 15 101 24 73 31 92 54 48 91 2 37 64 10 38 94 74 75 70 84 16 71 9 57 13 8 82 55 77 59 11 27 67 20 45 89 80 56 53 58 3 25 21 81 86 39 28 22 50 36 29 88 76 40 90 14 17 51 102 
Cost: 882
304.59 seconds
Bounds: [882.0,882.0]
Optimality Gap: 0.0%
Data: 882.0,882.0,0.0
304.59 seconds
