File Name: n100w120.002.txt
Makespan Objective: true
Peel Setting: maximal
Max Width: 2048
Variety Search Width: 100
Parallel: false
Threads: 1
Time Limit (seconds): 3600
Memory Limit (GB): 640.0
Initial Solution:
Sequence: 1 42 25 38 57 11 31 77 80 71 88 22 92 93 58 47 7 66 85 8 5 53 30 6 61 35 76 94 15 56 12 55 86 23 91 70 99 97 59 64 18 52 16 19 72 74 98 36 24 75 29 83 33 60 79 9 81 87 100 21 62 63 13 43 14 4 82 101 68 40 89 96 48 37 67 2 46 54 44 10 65 73 45 69 41 17 28 27 51 49 78 50 95 90 26 32 3 20 84 39 34 102 
Cost: 893
81.0 seconds
Optimal Solution Found:
Sequence: 1 42 25 38 57 11 31 77 80 71 88 22 92 93 58 47 7 66 85 8 5 53 30 6 61 35 76 94 15 56 12 55 86 23 91 70 99 97 59 64 18 52 16 19 72 74 98 36 24 75 29 83 33 60 79 9 81 87 100 21 62 63 13 43 14 4 82 101 68 40 89 96 48 37 67 2 46 54 44 10 65 73 45 69 41 17 28 27 51 49 78 50 95 90 26 32 3 20 84 39 34 102 
Cost: 893
214.04 seconds
Bounds: [893.0,893.0]
Optimality Gap: 0.0%
Data: 893.0,893.0,0.0
214.04 seconds
