File Name: n100w100.002.txt
Makespan Objective: true
Peel Setting: maximal
Max Width: 2048
Variety Search Width: 100
Parallel: false
Threads: 1
Time Limit (seconds): 3600
Memory Limit (GB): 640.0
24.76 seconds
Bounds: [780.0,NA]
Data: 780.0,9223372036854775807,100.0
54.34 seconds
Improved Solution:
Sequence: 1 40 59 70 54 85 51 2 32 14 12 58 73 18 87 31 36 45 11 92 83 90 88 64 46 33 28 53 37 29 17 27 97 38 89 84 44 7 8 94 48 24 49 82 47 26 34 22 41 72 96 68 63 30 15 69 55 13 56 21 75 10 80 61 66 100 74 60 20 79 42 95 43 76 91 93 98 23 16 62 67 50 19 81 39 78 6 86 35 52 4 99 3 65 25 5 101 57 77 71 9 102 
Cost: 780
Bounds: [780.0,780.0]
Optimality Gap: 0.0%
Data: 780.0,780.0,0.0
123.94 seconds
Optimal Solution Found:
Sequence: 1 40 59 70 54 85 51 2 32 14 12 58 73 18 87 31 36 45 11 92 83 90 88 64 46 33 28 53 37 29 17 27 97 38 89 84 44 7 8 94 48 24 49 82 47 26 34 22 41 72 96 68 63 30 15 69 55 13 56 21 75 10 80 61 66 100 74 60 20 79 42 95 43 76 91 93 98 23 16 62 67 50 19 81 39 78 6 86 35 52 4 99 3 65 25 5 101 57 77 71 9 102 
Cost: 780
123.95 seconds
Bounds: [780.0,780.0]
Optimality Gap: 0.0%
Data: 780.0,780.0,0.0
123.95 seconds
