File Name: n80w140.005.txt
Makespan Objective: true
Peel Setting: maximal
Max Width: 2048
Variety Search Width: 100
Parallel: false
Threads: 1
Time Limit (seconds): 3600
Memory Limit (GB): 640.0
Initial Solution:
Sequence: 1 68 63 34 12 21 22 25 77 19 75 43 50 23 5 56 70 18 16 42 35 62 8 67 61 72 40 30 33 36 3 14 9 46 64 47 58 11 15 51 78 32 27 37 74 57 13 52 55 39 6 65 17 2 20 71 66 69 4 76 53 45 59 79 73 54 41 60 26 7 10 29 24 48 80 44 28 31 81 38 49 82 
Cost: 746
57.39 seconds
Bounds: [720.0,746.0]
Optimality Gap: 3.49%
Data: 720.0,746.0,3.49
150.71 seconds
Improved Solution:
Sequence: 1 12 21 22 25 19 75 43 77 50 23 5 34 63 68 56 70 18 16 42 35 62 8 67 61 72 40 30 33 36 3 14 46 9 64 58 47 32 78 27 51 15 65 74 37 6 57 13 39 55 52 20 17 11 71 2 66 69 4 45 53 59 76 79 73 54 41 26 60 7 10 80 29 24 48 28 44 31 81 38 49 82 
Cost: 745
Bounds: [720.0,745.0]
Optimality Gap: 3.36%
Data: 720.0,745.0,3.36
261.97 seconds
Nodes In Queue: 1
Bounds: [725.0,745.0]
Optimality Gap: 2.68%
Data: 725.0,745.0,2.68
484.49 seconds
Nodes In Queue: 2
Improved Solution:
Sequence: 1 12 21 63 68 5 23 50 43 75 19 77 25 22 34 56 70 18 16 42 35 62 8 67 61 40 30 33 36 3 14 46 9 64 47 78 51 32 58 72 11 15 65 74 57 13 52 55 39 6 27 37 20 71 17 66 2 69 4 53 45 76 59 60 79 73 41 26 54 7 10 48 24 29 80 44 28 31 81 38 49 82 
Cost: 741
Bounds: [725.0,741.0]
Optimality Gap: 2.16%
Data: 725.0,741.0,2.16
869.86 seconds
Nodes In Queue: 4
Improved Solution:
Sequence: 1 12 21 22 25 19 75 43 50 5 34 63 77 68 23 56 70 18 16 42 35 62 8 67 61 72 40 30 33 36 3 14 46 9 64 11 58 47 15 65 51 78 32 27 37 74 57 13 52 55 39 6 20 71 17 2 69 66 4 53 45 59 76 79 73 54 41 60 26 10 24 29 48 80 44 7 31 81 28 38 49 82 
Cost: 739
Bounds: [725.0,739.0]
Optimality Gap: 1.8900000000000001%
Data: 725.0,739.0,1.8900000000000001
2605.79 seconds
Nodes In Queue: 14
