File Name: n80w160.004.txt
Makespan Objective: true
Peel Setting: maximal
Max Width: 2048
Variety Search Width: 100
Parallel: false
Threads: 1
Time Limit (seconds): 3600
Memory Limit (GB): 640.0
Initial Solution:
Sequence: 1 32 8 43 33 39 11 36 6 74 60 80 35 46 27 18 16 73 57 30 38 31 23 59 61 4 70 78 17 28 5 64 55 2 66 71 50 76 25 14 63 72 15 26 77 75 20 79 67 48 62 45 22 42 10 34 54 44 40 56 12 58 41 49 37 65 9 3 29 53 7 21 13 69 52 51 24 47 81 19 68 82 
Cost: 698
52.59 seconds
Bounds: [605.0,698.0]
Optimality Gap: 13.320000000000002%
Data: 605.0,698.0,13.320000000000002
169.71 seconds
Improved Solution:
Sequence: 1 32 8 59 33 43 39 11 36 6 74 60 17 78 31 23 50 71 76 2 55 64 38 30 80 35 46 27 18 16 73 57 63 25 14 66 5 28 26 70 79 4 77 61 75 20 67 48 62 45 72 15 21 13 53 7 42 22 10 34 54 44 40 56 65 51 3 12 58 41 49 37 9 29 69 52 24 47 81 19 68 82 
Cost: 668
Bounds: [605.0,668.0]
Optimality Gap: 9.43%
Data: 605.0,668.0,9.43
284.4 seconds
Nodes In Queue: 1
Bounds: [623.0,668.0]
Optimality Gap: 6.74%
Data: 623.0,668.0,6.74
521.65 seconds
Nodes In Queue: 2
Improved Solution:
Sequence: 1 8 32 43 33 39 11 23 36 6 74 60 31 38 30 80 57 73 16 18 27 46 35 78 59 61 4 70 17 28 5 64 63 25 14 76 66 50 71 2 55 26 75 20 77 79 67 48 62 45 72 15 22 42 10 34 54 44 40 56 12 49 58 37 65 51 3 7 21 13 53 29 9 41 47 24 52 19 69 68 81 82 
Cost: 655
Bounds: [655.0,655.0]
Optimality Gap: 0.0%
Data: 655.0,655.0,0.0
944.97 seconds
Nodes In Queue: 4
Optimal Solution Found:
Sequence: 1 8 32 43 33 39 11 23 36 6 74 60 31 38 30 80 57 73 16 18 27 46 35 78 59 61 4 70 17 28 5 64 63 25 14 76 66 50 71 2 55 26 75 20 77 79 67 48 62 45 72 15 22 42 10 34 54 44 40 56 12 49 58 37 65 51 3 7 21 13 53 29 9 41 47 24 52 19 69 68 81 82 
Cost: 655
1236.45 seconds
Bounds: [655.0,655.0]
Optimality Gap: 0.0%
Data: 655.0,655.0,0.0
1236.45 seconds
