File Name: n100w160.001.txt
Makespan Objective: true
Peel Setting: maximal
Max Width: 2048
Variety Search Width: 100
Parallel: false
Threads: 1
Time Limit (seconds): 3600
Memory Limit (GB): 640.0
Initial Solution:
Sequence: 1 57 37 68 80 40 70 32 56 29 7 82 44 81 69 11 83 43 22 5 84 16 86 17 50 20 34 91 46 47 18 2 58 78 49 21 65 99 30 90 13 76 62 73 51 15 12 9 3 26 89 92 95 60 97 72 25 14 27 98 8 45 101 31 100 19 39 67 88 55 35 74 53 33 48 79 75 71 59 66 94 77 52 87 96 4 6 23 54 93 41 38 85 64 24 42 28 63 36 61 10 102 
Cost: 878
98.2 seconds
Bounds: [852.0,878.0]
Optimality Gap: 2.96%
Data: 852.0,878.0,2.96
258.51 seconds
Improved Solution:
Sequence: 1 57 37 68 80 40 70 32 56 29 7 82 44 81 69 11 83 43 22 5 84 16 86 17 50 20 91 34 18 9 47 2 46 58 21 65 49 30 78 51 90 13 76 62 73 99 15 95 92 26 89 12 3 60 97 72 25 98 27 8 45 14 101 31 100 19 39 67 88 55 35 74 48 33 71 79 75 59 66 94 77 52 87 96 6 23 54 93 53 41 4 85 38 24 64 28 42 36 61 63 10 102 
Cost: 868
Bounds: [852.0,868.0]
Optimality Gap: 1.8399999999999999%
Data: 852.0,868.0,1.8399999999999999
484.79 seconds
Nodes In Queue: 1
Bounds: [866.0,868.0]
Optimality Gap: 0.22999999999999998%
Data: 866.0,868.0,0.22999999999999998
909.33 seconds
Nodes In Queue: 2
Optimal Solution Found:
Sequence: 1 57 37 68 80 40 70 32 56 29 7 82 44 81 69 11 83 43 22 5 84 16 86 17 50 20 91 34 18 9 47 2 46 58 21 65 49 30 78 51 90 13 76 62 73 99 15 95 92 26 89 12 3 60 97 72 25 98 27 8 45 14 101 31 100 19 39 67 88 55 35 74 48 33 71 79 75 59 66 94 77 52 87 96 6 23 54 93 53 41 4 85 38 24 64 28 42 36 61 63 10 102 
Cost: 868
1258.25 seconds
Bounds: [868.0,868.0]
Optimality Gap: 0.0%
Data: 868.0,868.0,0.0
1258.25 seconds
