File Name: n100w120.005.txt
Makespan Objective: true
Peel Setting: maximal
Max Width: 2048
Variety Search Width: 100
Parallel: false
Threads: 1
Time Limit (seconds): 3600
Memory Limit (GB): 640.0
Initial Solution:
Sequence: 1 16 62 88 8 19 66 48 101 84 35 5 12 65 32 63 73 28 6 24 54 30 29 75 11 90 74 56 3 99 13 34 25 27 82 39 77 98 76 87 40 59 97 26 31 18 68 61 44 81 60 45 46 91 21 37 69 23 92 53 83 57 64 67 41 20 71 55 100 72 17 9 96 22 86 15 47 7 10 51 58 2 42 14 50 79 49 78 70 85 93 52 80 95 94 43 38 89 36 4 33 102 
Cost: 870
96.65 seconds
Optimal Solution Found:
Sequence: 1 16 62 88 8 19 66 48 101 84 35 5 12 65 32 63 73 28 6 24 54 30 29 75 11 90 74 56 3 99 13 34 25 27 82 39 77 98 76 87 40 59 97 26 31 18 68 61 44 81 60 45 46 91 21 37 69 23 92 53 83 57 64 67 41 20 71 55 100 72 17 9 96 22 86 15 47 7 10 51 58 2 42 14 50 79 49 78 70 85 93 52 80 95 94 43 38 89 36 4 33 102 
Cost: 870
342.28 seconds
Bounds: [870.0,870.0]
Optimality Gap: 0.0%
Data: 870.0,870.0,0.0
342.28 seconds
