File Name: n100w140.004.txt
Makespan Objective: true
Peel Setting: maximal
Max Width: 2048
Variety Search Width: 100
Parallel: false
Threads: 1
Time Limit (seconds): 3600
Memory Limit (GB): 640.0
Initial Solution:
Sequence: 1 48 87 38 20 36 57 61 77 46 84 94 9 85 68 66 101 39 73 50 53 11 54 86 15 42 72 92 56 49 78 79 47 96 25 12 71 26 75 27 98 30 4 97 44 55 59 28 10 91 58 62 64 74 31 14 60 45 6 29 93 32 80 51 7 2 65 40 8 76 21 89 17 88 82 70 41 13 22 34 52 67 23 19 16 33 43 18 24 83 63 37 95 81 5 69 35 99 90 100 3 102 
Cost: 854
105.14 seconds
Optimal Solution Found:
Sequence: 1 48 87 38 20 36 57 61 77 46 84 94 9 85 68 66 101 39 73 50 53 11 54 86 15 42 72 92 56 49 78 79 47 96 25 12 71 26 75 27 98 30 4 97 44 55 59 28 10 91 58 62 64 74 31 14 60 45 6 29 93 32 80 51 7 2 65 40 8 76 21 89 17 88 82 70 41 13 22 34 52 67 23 19 16 33 43 18 24 83 63 37 95 81 5 69 35 99 90 100 3 102 
Cost: 854
264.05 seconds
Bounds: [854.0,854.0]
Optimality Gap: 0.0%
Data: 854.0,854.0,0.0
264.06 seconds
