File Name: n80w200.004.txt
Makespan Objective: true
Peel Setting: maximal
Max Width: 2048
Variety Search Width: 100
Parallel: false
Threads: 1
Time Limit (seconds): 3600
Memory Limit (GB): 640.0
Initial Solution:
Sequence: 1 63 35 23 9 61 11 30 55 49 3 14 36 21 13 19 17 45 42 52 46 78 32 62 76 54 7 16 12 4 77 29 67 74 57 34 65 60 53 64 50 28 40 69 25 2 68 41 5 80 15 18 22 56 51 66 75 26 10 39 43 37 31 38 8 33 6 73 59 70 71 27 48 79 47 20 58 44 24 81 72 82 
Cost: 695
68.31 seconds
Bounds: [660.0,695.0]
Optimality Gap: 5.04%
Data: 660.0,695.0,5.04
174.23 seconds
Improved Solution:
Sequence: 1 63 35 23 9 61 11 30 55 49 3 14 36 21 13 74 57 34 19 17 45 42 52 46 78 32 62 76 67 54 7 16 29 12 25 4 77 2 68 69 28 40 41 5 80 15 18 22 56 51 64 53 50 66 60 10 43 39 65 26 75 71 37 31 38 70 8 20 73 33 6 59 79 27 48 81 72 47 58 24 44 82 
Cost: 683
Bounds: [660.0,683.0]
Optimality Gap: 3.37%
Data: 660.0,683.0,3.37
389.05 seconds
Nodes In Queue: 1
Improved Solution:
Sequence: 1 32 78 46 14 36 49 55 3 30 11 61 23 9 63 35 77 4 7 54 76 52 42 45 17 19 21 13 74 57 34 67 29 12 16 25 62 69 40 28 50 53 64 51 41 5 80 15 18 22 56 66 68 2 75 65 26 10 39 43 37 31 38 8 70 33 73 6 60 71 44 59 20 47 79 48 72 27 81 24 58 82 
Cost: 676
Bounds: [660.0,676.0]
Optimality Gap: 2.37%
Data: 660.0,676.0,2.37
979.7 seconds
Nodes In Queue: 3
Improved Solution:
Sequence: 1 32 78 46 36 14 49 55 3 30 11 23 9 61 63 35 77 4 7 54 76 52 42 45 17 19 21 13 74 57 34 67 29 12 16 25 62 69 40 28 50 53 64 41 5 80 15 18 22 56 51 66 68 2 75 65 26 10 39 43 31 37 38 8 70 33 73 6 60 71 44 59 20 47 79 48 72 27 81 24 58 82 
Cost: 675
Bounds: [660.0,675.0]
Optimality Gap: 2.22%
Data: 660.0,675.0,2.22
1222.52 seconds
Nodes In Queue: 4
Improved Solution:
Sequence: 1 32 78 46 52 14 49 55 3 30 11 61 9 23 35 63 77 4 7 54 76 17 45 42 36 21 13 74 57 34 19 67 29 12 16 25 62 69 40 28 50 53 64 51 56 22 18 15 80 5 68 2 41 66 73 70 8 38 31 37 43 39 10 26 65 71 75 60 79 20 6 59 33 44 47 48 72 27 81 24 58 82 
Cost: 671
Bounds: [660.0,671.0]
Optimality Gap: 1.6400000000000001%
Data: 660.0,671.0,1.6400000000000001
1687.82 seconds
Nodes In Queue: 6
