File Name: n100w140.002.txt
Makespan Objective: true
Peel Setting: maximal
Max Width: 2048
Variety Search Width: 100
Parallel: false
Threads: 1
Time Limit (seconds): 3600
Memory Limit (GB): 640.0
Initial Solution:
Sequence: 1 10 40 65 49 23 71 98 9 33 41 24 18 59 38 42 60 95 58 6 28 91 72 39 68 4 20 86 37 76 53 47 54 61 32 7 89 92 31 99 74 75 44 55 70 50 12 11 21 14 73 8 83 13 80 34 3 35 93 87 81 88 36 63 82 56 62 77 79 19 2 84 27 66 64 101 67 97 85 78 22 52 94 29 57 69 96 26 25 16 45 90 15 43 48 51 46 17 100 30 5 102 
Cost: 1021
104.47 seconds
Optimal Solution Found:
Sequence: 1 10 40 65 49 23 71 98 9 33 41 24 18 59 38 42 60 95 58 6 28 91 72 39 68 4 20 86 37 76 53 47 54 61 32 7 89 92 31 99 74 75 44 55 70 50 12 11 21 14 73 8 83 13 80 34 3 35 93 87 81 88 36 63 82 56 62 77 79 19 2 84 27 66 64 101 67 97 85 78 22 52 94 29 57 69 96 26 25 16 45 90 15 43 48 51 46 17 100 30 5 102 
Cost: 1021
249.58 seconds
Bounds: [1021.0,1021.0]
Optimality Gap: 0.0%
Data: 1021.0,1021.0,0.0
249.58 seconds
