File Name: n100w140.005.txt
Makespan Objective: true
Peel Setting: maximal
Max Width: 2048
Variety Search Width: 100
Parallel: false
Threads: 1
Time Limit (seconds): 3600
Memory Limit (GB): 640.0
Initial Solution:
Sequence: 1 71 84 56 12 26 78 13 99 98 25 88 2 60 5 28 59 23 41 86 65 16 6 22 29 7 101 35 3 20 53 21 45 11 4 90 47 95 49 74 76 14 15 42 79 50 93 9 8 73 81 91 70 27 52 96 48 34 87 37 85 18 33 72 54 40 36 38 83 32 67 10 62 55 75 44 30 97 31 61 43 80 58 92 82 100 57 63 66 89 19 39 24 69 17 94 77 51 68 64 46 102 
Cost: 806
101.02 seconds
Bounds: [805.0,806.0]
Optimality Gap: 0.12%
Data: 805.0,806.0,0.12
283.73 seconds
Improved Solution:
Sequence: 1 71 84 56 12 26 78 13 99 98 25 88 2 60 5 28 59 23 41 86 65 16 3 35 22 29 7 101 6 53 20 21 45 11 4 90 47 95 49 74 76 14 15 42 79 50 93 91 8 9 73 81 70 27 52 96 48 34 87 37 18 85 36 33 72 54 40 38 83 32 67 10 62 55 44 75 30 31 97 61 82 58 80 43 92 100 57 89 63 66 19 39 24 17 69 94 77 68 64 46 51 102 
Cost: 805
Bounds: [805.0,805.0]
Optimality Gap: 0.0%
Data: 805.0,805.0,0.0
477.2 seconds
Optimal Solution Found:
Sequence: 1 71 84 56 12 26 78 13 99 98 25 88 2 60 5 28 59 23 41 86 65 16 3 35 22 29 7 101 6 53 20 21 45 11 4 90 47 95 49 74 76 14 15 42 79 50 93 91 8 9 73 81 70 27 52 96 48 34 87 37 18 85 36 33 72 54 40 38 83 32 67 10 62 55 44 75 30 31 97 61 82 58 80 43 92 100 57 89 63 66 19 39 24 17 69 94 77 68 64 46 51 102 
Cost: 805
477.21 seconds
Bounds: [805.0,805.0]
Optimality Gap: 0.0%
Data: 805.0,805.0,0.0
477.21 seconds
