File Name: n100w160.003.txt
Makespan Objective: true
Peel Setting: maximal
Max Width: 2048
Variety Search Width: 100
Parallel: false
Threads: 1
Time Limit (seconds): 3600
Memory Limit (GB): 640.0
Initial Solution:
Sequence: 1 91 87 11 95 97 89 50 28 25 75 22 38 68 39 45 20 37 31 84 66 64 32 67 41 73 60 74 47 18 17 72 58 49 82 62 79 35 3 100 88 46 26 56 30 5 86 51 7 54 98 53 14 83 19 57 43 23 48 76 65 34 13 6 42 70 55 29 27 93 81 15 33 77 12 61 24 36 10 80 4 52 16 99 71 59 9 96 69 101 94 40 21 8 85 78 92 90 63 2 44 102 
Cost: 935
104.02 seconds
Optimal Solution Found:
Sequence: 1 91 87 11 95 97 89 50 28 25 75 22 38 68 39 45 20 37 31 84 66 64 32 67 41 73 60 74 47 18 17 72 58 49 82 62 79 35 3 100 88 46 26 56 30 5 86 51 7 54 98 53 14 83 19 57 43 23 48 76 65 34 13 6 42 70 55 29 27 93 81 15 33 77 12 61 24 36 10 80 4 52 16 99 71 59 9 96 69 101 94 40 21 8 85 78 92 90 63 2 44 102 
Cost: 935
232.75 seconds
Bounds: [935.0,935.0]
Optimality Gap: 0.0%
Data: 935.0,935.0,0.0
232.75 seconds
