File Name: n100w140.003.txt
Makespan Objective: true
Peel Setting: maximal
Max Width: 2048
Variety Search Width: 100
Parallel: false
Threads: 1
Time Limit (seconds): 3600
Memory Limit (GB): 640.0
Initial Solution:
Sequence: 1 71 88 95 16 36 54 72 81 87 39 76 64 5 18 34 62 23 7 75 52 86 29 14 89 44 93 30 97 21 6 47 59 31 80 3 26 60 96 42 24 84 22 49 82 19 35 46 2 98 38 69 58 70 78 25 56 33 20 94 43 77 12 53 51 45 9 101 61 27 85 73 65 74 37 17 99 50 13 32 68 92 4 57 10 15 11 8 63 55 90 91 66 41 79 83 100 48 67 40 28 102 
Cost: 844
92.3 seconds
Optimal Solution Found:
Sequence: 1 71 88 95 16 36 54 72 81 87 39 76 64 5 18 34 62 23 7 75 52 86 29 14 89 44 93 30 97 21 6 47 59 31 80 3 26 60 96 42 24 84 22 49 82 19 35 46 2 98 38 69 58 70 78 25 56 33 20 94 43 77 12 53 51 45 9 101 61 27 85 73 65 74 37 17 99 50 13 32 68 92 4 57 10 15 11 8 63 55 90 91 66 41 79 83 100 48 67 40 28 102 
Cost: 844
245.12 seconds
Bounds: [844.0,844.0]
Optimality Gap: 0.0%
Data: 844.0,844.0,0.0
245.12 seconds
