File Name: n100w160.004.txt
Makespan Objective: true
Peel Setting: maximal
Max Width: 2048
Variety Search Width: 100
Parallel: false
Threads: 1
Time Limit (seconds): 3600
Memory Limit (GB): 640.0
Initial Solution:
Sequence: 1 45 40 27 99 12 47 88 84 33 67 36 39 82 13 63 5 93 4 78 56 49 22 44 42 43 60 77 76 85 8 9 75 17 74 101 68 24 80 65 35 46 38 71 73 37 19 50 29 16 48 96 95 55 66 57 7 10 64 69 18 61 94 26 90 87 79 70 72 15 97 14 59 98 51 28 30 3 86 41 58 25 2 54 20 34 53 31 62 92 100 11 52 23 89 91 21 81 6 32 83 102 
Cost: 821
73.81 seconds
Bounds: [813.0,821.0]
Optimality Gap: 0.97%
Data: 813.0,821.0,0.97
181.77 seconds
Improved Solution:
Sequence: 1 45 40 27 99 12 47 88 84 33 67 36 39 82 13 63 5 93 4 78 56 49 22 44 42 43 60 77 76 85 8 9 75 17 74 101 68 24 80 65 35 46 38 71 73 37 19 50 29 16 48 96 95 55 66 57 7 10 64 69 18 61 94 26 90 87 79 70 72 15 97 14 59 98 51 28 30 3 86 41 58 25 2 54 20 34 53 31 62 92 100 11 52 23 89 91 21 81 6 83 32 102 
Cost: 814
Bounds: [813.0,814.0]
Optimality Gap: 0.12%
Data: 813.0,814.0,0.12
229.2 seconds
Nodes In Queue: 1
Optimal Solution Found:
Sequence: 1 45 40 27 99 12 47 88 84 33 67 36 39 82 13 63 5 93 4 78 56 49 22 44 42 43 60 77 76 85 8 9 75 17 74 101 68 24 80 65 35 46 38 71 73 37 19 50 29 16 48 96 95 55 66 57 7 10 64 69 18 61 94 26 90 87 79 70 72 15 97 14 59 98 51 28 30 3 86 41 58 25 2 54 20 34 53 31 62 92 100 11 52 23 89 91 21 81 6 83 32 102 
Cost: 814
569.6 seconds
Bounds: [814.0,814.0]
Optimality Gap: 0.0%
Data: 814.0,814.0,0.0
569.6 seconds
