File Name: n80w200.005.txt
Makespan Objective: true
Peel Setting: maximal
Max Width: 2048
Variety Search Width: 100
Parallel: false
Threads: 1
Time Limit (seconds): 3600
Memory Limit (GB): 640.0
Initial Solution:
Sequence: 1 58 46 51 44 16 26 12 20 34 50 73 31 40 39 77 67 37 15 2 70 65 17 21 24 78 53 6 74 9 48 75 80 61 47 60 19 25 13 55 63 7 8 54 28 22 32 18 49 33 10 35 79 23 5 68 76 52 45 43 62 59 3 64 4 14 41 29 11 38 69 27 30 71 56 72 42 66 36 81 57 82 
Cost: 651
84.46 seconds
Bounds: [421.0,651.0]
Optimality Gap: 35.33%
Data: 421.0,651.0,35.33
220.83 seconds
Improved Solution:
Sequence: 1 58 46 51 44 16 26 12 20 34 50 73 31 40 39 77 67 37 15 2 70 65 17 21 24 78 53 6 74 80 45 9 48 75 60 19 25 55 63 13 7 8 28 32 54 18 22 62 43 61 47 49 10 33 35 23 79 5 14 68 76 3 64 52 4 59 41 29 72 11 69 27 38 71 30 56 66 42 81 36 57 82 
Cost: 634
Bounds: [421.0,634.0]
Optimality Gap: 33.6%
Data: 421.0,634.0,33.6
500.66 seconds
Nodes In Queue: 1
Improved Solution:
Sequence: 1 58 46 51 44 16 26 12 34 20 50 73 31 40 39 77 67 37 15 2 70 65 17 21 24 78 53 6 74 9 48 75 80 61 47 60 19 25 7 8 63 55 13 54 28 22 32 18 49 10 33 35 23 79 5 68 76 52 45 43 62 59 3 64 4 14 29 41 72 11 30 71 38 69 27 56 66 36 81 42 57 82 
Cost: 628
Bounds: [601.0,628.0]
Optimality Gap: 4.3%
Data: 601.0,628.0,4.3
922.8 seconds
Nodes In Queue: 2
Improved Solution:
Sequence: 1 58 46 51 44 16 26 12 20 34 50 73 31 40 39 77 67 37 15 2 70 65 17 21 24 78 53 6 74 9 48 75 80 61 47 60 19 25 8 7 13 63 55 62 28 22 18 32 54 49 10 33 35 23 79 5 68 76 43 45 64 3 52 14 4 59 41 72 29 11 27 69 71 30 38 56 66 36 81 42 57 82 
Cost: 621
Bounds: [601.0,621.0]
Optimality Gap: 3.2199999999999998%
Data: 601.0,621.0,3.2199999999999998
1296.36 seconds
Nodes In Queue: 3
Bounds: [608.0,621.0]
Optimality Gap: 2.09%
Data: 608.0,621.0,2.09
1681.91 seconds
Nodes In Queue: 4
Optimal Solution Found:
Sequence: 1 58 46 51 44 16 26 12 20 34 50 73 31 40 39 77 67 37 15 2 70 65 17 21 24 78 53 6 74 9 48 75 80 61 47 60 19 25 8 7 13 63 55 62 28 22 18 32 54 49 10 33 35 23 79 5 68 76 43 45 64 3 52 14 4 59 41 72 29 11 27 69 71 30 38 56 66 36 81 42 57 82 
Cost: 621
2143.38 seconds
Bounds: [621.0,621.0]
Optimality Gap: 0.0%
Data: 621.0,621.0,0.0
2143.38 seconds
