File Name: n100w140.001.txt
Makespan Objective: true
Peel Setting: maximal
Max Width: 2048
Variety Search Width: 100
Parallel: false
Threads: 1
Time Limit (seconds): 3600
Memory Limit (GB): 640.0
Initial Solution:
Sequence: 1 41 31 81 73 20 13 9 36 56 49 29 21 16 42 62 87 47 24 37 64 2 3 14 51 22 83 28 58 72 97 78 26 39 94 33 10 38 65 6 67 34 50 93 88 30 74 55 17 23 70 61 11 92 35 46 69 7 45 68 82 98 89 84 66 18 100 25 80 27 59 48 85 63 75 101 40 15 32 86 53 44 43 57 77 96 91 8 71 60 19 52 99 76 79 95 12 90 4 5 54 102 
Cost: 1008
103.56 seconds
Optimal Solution Found:
Sequence: 1 41 31 81 73 20 13 9 36 56 49 29 21 16 42 62 87 47 24 37 64 2 3 14 51 22 83 28 58 72 97 78 26 39 94 33 10 38 65 6 67 34 50 93 88 30 74 55 17 23 70 61 11 92 35 46 69 7 45 68 82 98 89 84 66 18 100 25 80 27 59 48 85 63 75 101 40 15 32 86 53 44 43 57 77 96 91 8 71 60 19 52 99 76 79 95 12 90 4 5 54 102 
Cost: 1008
275.39 seconds
Bounds: [1008.0,1008.0]
Optimality Gap: 0.0%
Data: 1008.0,1008.0,0.0
275.39 seconds
