File Name: n100w80.005.txt
Makespan Objective: true
Peel Setting: maximal
Max Width: 2048
Variety Search Width: 100
Parallel: false
Threads: 1
Time Limit (seconds): 3600
Memory Limit (GB): 640.0
30.11 seconds
Bounds: [746.0,NA]
Data: 746.0,9223372036854775807,100.0
79.95 seconds
Improved Solution:
Sequence: 1 7 57 69 82 3 46 87 56 91 73 31 99 34 22 27 79 67 29 78 23 30 71 48 10 58 90 5 61 9 16 62 65 6 93 20 47 21 12 86 40 32 96 50 38 13 26 63 45 17 53 52 81 97 2 24 15 18 42 54 75 59 98 44 70 89 11 95 55 25 76 68 41 64 72 84 92 43 36 19 85 35 83 88 51 77 60 94 66 100 80 39 14 4 28 49 8 37 74 101 33 102 
Cost: 759
Bounds: [746.0,759.0]
Optimality Gap: 1.71%
Data: 746.0,759.0,1.71
144.32 seconds
Nodes In Queue: 1
Optimal Solution Found:
Sequence: 1 7 57 69 82 3 46 87 56 91 73 31 99 34 22 27 79 67 29 78 23 30 71 48 10 58 90 5 61 9 16 62 65 6 93 20 47 21 12 86 40 32 96 50 38 13 26 63 45 17 53 52 81 97 2 24 15 18 42 54 75 59 98 44 70 89 11 95 55 25 76 68 41 64 72 84 92 43 36 19 85 35 83 88 51 77 60 94 66 100 80 39 14 4 28 49 8 37 74 101 33 102 
Cost: 759
262.46 seconds
Bounds: [759.0,759.0]
Optimality Gap: 0.0%
Data: 759.0,759.0,0.0
262.46 seconds
