File Name: n100w160.005.txt
Makespan Objective: true
Peel Setting: maximal
Max Width: 2048
Variety Search Width: 100
Parallel: false
Threads: 1
Time Limit (seconds): 3600
Memory Limit (GB): 640.0
Initial Solution:
Sequence: 1 22 87 88 14 30 2 50 55 15 20 84 23 78 83 42 35 9 24 85 33 52 73 81 100 66 12 72 82 86 63 27 18 64 39 58 26 101 38 7 57 44 79 46 70 77 41 4 76 53 37 93 49 75 36 54 48 34 43 10 99 16 98 94 11 56 31 25 28 47 68 91 71 92 62 21 74 80 67 59 8 65 61 3 60 6 40 95 13 96 17 51 19 90 32 45 69 29 5 97 89 102 
Cost: 917
98.91 seconds
Bounds: [912.0,917.0]
Optimality Gap: 0.5499999999999999%
Data: 912.0,917.0,0.5499999999999999
286.28 seconds
Nodes In Queue: 1
Optimal Solution Found:
Sequence: 1 22 87 88 14 30 2 50 55 15 20 84 23 78 83 42 35 9 24 85 33 52 73 81 100 66 12 72 82 86 63 27 18 64 39 58 26 101 38 7 57 44 79 46 70 77 41 4 76 53 37 93 49 75 36 54 48 34 43 10 99 16 98 94 11 56 31 25 28 47 68 91 71 92 62 21 74 80 67 59 8 65 61 3 60 6 40 95 13 96 17 51 19 90 32 45 69 29 5 97 89 102 
Cost: 917
622.96 seconds
Bounds: [917.0,917.0]
Optimality Gap: 0.0%
Data: 917.0,917.0,0.0
622.96 seconds
