File Name: n150w140.002.txt
Makespan Objective: true
Peel Setting: maximal
Max Width: 2048
Variety Search Width: 100
Parallel: false
Threads: 1
Time Limit (seconds): 3600
Memory Limit (GB): 640.0
88.1 seconds
Bounds: [1020.0,NA]
Data: 1020.0,9223372036854775807,100.0
165.17 seconds
Improved Solution:
Sequence: 1 10 65 49 141 126 127 60 95 144 106 118 149 40 121 23 71 108 147 98 9 33 41 24 18 58 6 28 91 68 4 136 109 115 102 39 72 42 38 59 92 74 99 89 7 54 32 61 20 111 103 86 76 37 47 53 12 131 117 11 145 70 55 124 50 44 128 107 135 31 75 110 140 104 123 21 62 80 83 13 73 8 3 35 81 93 148 87 79 150 77 34 14 122 19 2 133 88 36 63 82 146 139 56 52 113 84 64 119 101 67 66 27 97 85 129 22 112 78 105 94 29 69 138 134 120 57 25 26 96 142 132 16 45 48 143 15 90 114 43 116 125 51 46 130 100 17 137 30 151 5 152 
Cost: 1021
Bounds: [1020.0,1021.0]
Optimality Gap: 0.1%
Data: 1020.0,1021.0,0.1
541.46 seconds
Nodes In Queue: 1
