File Name: n150w120.001.txt
Makespan Objective: true
Peel Setting: maximal
Max Width: 2048
Variety Search Width: 100
Parallel: false
Threads: 1
Time Limit (seconds): 3600
Memory Limit (GB): 640.0
Initial Solution:
Sequence: 1 100 93 23 96 41 87 47 34 105 147 44 135 49 126 83 32 6 26 63 144 150 66 133 68 46 148 30 138 85 65 122 119 72 52 109 128 43 42 149 5 4 125 79 33 95 60 69 111 18 7 99 78 97 61 35 15 101 117 62 118 113 24 98 103 12 19 73 107 31 92 123 2 37 120 10 91 115 131 106 38 142 94 129 48 54 64 112 70 74 143 75 136 57 59 13 55 77 146 127 124 141 16 84 130 108 71 9 82 8 132 11 27 89 56 67 45 80 20 53 137 58 3 114 25 21 81 139 86 39 22 36 134 102 110 104 116 50 29 28 88 76 40 140 90 14 17 121 51 151 145 152 
Cost: 984
211.59 seconds
Bounds: [972.0,984.0]
Optimality Gap: 1.22%
Data: 972.0,984.0,1.22
1014.29 seconds
Improved Solution:
Sequence: 1 100 93 23 96 41 87 47 34 105 147 44 135 49 126 83 32 6 26 63 144 150 66 133 68 46 148 30 138 65 85 122 119 72 52 109 128 43 42 5 149 4 125 79 33 95 60 69 111 18 7 99 78 97 61 35 15 101 117 62 118 113 24 98 103 12 19 73 107 31 92 123 2 37 120 10 91 115 131 106 38 142 94 129 48 54 64 112 70 74 143 75 136 57 59 13 77 55 146 127 124 141 84 16 130 71 108 9 82 8 132 11 27 89 56 67 80 45 20 53 137 58 3 114 25 21 81 139 86 39 22 36 134 110 116 104 50 102 28 88 76 40 29 140 90 14 17 121 51 145 151 152 
Cost: 972
Bounds: [972.0,972.0]
Optimality Gap: 0.0%
Data: 972.0,972.0,0.0
1164.11 seconds
Nodes In Queue: 1
Optimal Solution Found:
Sequence: 1 100 93 23 96 41 87 47 34 105 147 44 135 49 126 83 32 6 26 63 144 150 66 133 68 46 148 30 138 65 85 122 119 72 52 109 128 43 42 5 149 4 125 79 33 95 60 69 111 18 7 99 78 97 61 35 15 101 117 62 118 113 24 98 103 12 19 73 107 31 92 123 2 37 120 10 91 115 131 106 38 142 94 129 48 54 64 112 70 74 143 75 136 57 59 13 77 55 146 127 124 141 84 16 130 71 108 9 82 8 132 11 27 89 56 67 80 45 20 53 137 58 3 114 25 21 81 139 86 39 22 36 134 110 116 104 50 102 28 88 76 40 29 140 90 14 17 121 51 145 151 152 
Cost: 972
1599.05 seconds
Bounds: [972.0,972.0]
Optimality Gap: 0.0%
Data: 972.0,972.0,0.0
1599.05 seconds
