File Name: n150w120.004.txt
Makespan Objective: true
Peel Setting: maximal
Max Width: 2048
Variety Search Width: 100
Parallel: false
Threads: 1
Time Limit (seconds): 3600
Memory Limit (GB): 640.0
Initial Solution:
Sequence: 1 49 72 56 149 50 15 38 104 26 124 118 94 100 143 60 87 46 115 84 3 20 7 23 79 125 144 61 140 108 137 150 130 98 129 106 64 134 114 24 11 103 4 86 95 43 81 109 33 145 138 30 111 25 101 93 13 54 136 19 12 63 53 92 32 28 59 146 48 97 107 80 88 132 128 131 45 62 2 102 67 52 21 58 120 122 89 83 17 39 90 105 31 116 133 148 57 9 82 68 71 65 147 42 29 77 91 76 41 121 139 70 123 117 110 35 16 69 37 8 47 135 112 113 14 73 36 34 44 126 5 142 51 66 18 27 141 85 96 127 10 74 78 40 6 119 75 55 151 22 99 152 
Cost: 946
211.35 seconds
Bounds: [925.0,946.0]
Optimality Gap: 2.22%
Data: 925.0,946.0,2.22
834.14 seconds
Improved Solution:
Sequence: 1 49 72 7 26 124 118 94 23 104 38 50 15 149 56 3 20 84 115 46 61 144 125 79 60 100 143 87 140 108 137 150 130 98 129 101 25 64 106 134 114 24 11 103 4 86 95 43 109 81 33 145 138 30 93 13 54 136 19 12 63 128 132 88 131 53 92 28 59 32 111 146 48 80 97 107 62 2 67 102 52 21 58 120 45 122 89 83 17 39 90 105 31 116 133 148 57 9 70 123 35 139 121 29 77 147 65 71 68 82 76 91 42 69 41 117 110 16 37 8 47 135 112 113 73 36 34 44 126 5 14 142 51 66 141 27 18 96 85 74 127 10 78 40 6 119 75 55 151 22 99 152 
Cost: 929
Bounds: [925.0,929.0]
Optimality Gap: 0.43%
Data: 925.0,929.0,0.43
1341.1 seconds
Nodes In Queue: 1
