File Name: n150w140.003.txt
Makespan Objective: true
Peel Setting: maximal
Max Width: 2048
Variety Search Width: 100
Parallel: false
Threads: 1
Time Limit (seconds): 3600
Memory Limit (GB): 640.0
62.12 seconds
Bounds: [764.0,NA]
Data: 764.0,9223372036854775807,100.0
170.78 seconds
Improved Solution:
Sequence: 1 139 143 16 142 95 88 36 54 72 52 81 104 87 39 141 125 76 64 5 18 34 121 62 23 7 75 71 14 89 44 140 107 127 21 30 93 29 86 97 6 47 108 59 31 80 38 138 122 123 103 111 136 114 82 19 49 35 129 24 124 3 56 26 137 60 118 96 42 146 84 22 25 46 98 2 33 78 106 94 112 130 58 69 131 70 144 77 132 120 43 109 20 147 119 135 53 12 51 45 9 85 27 101 117 61 37 113 115 102 65 73 17 32 74 99 50 13 110 105 149 133 92 57 134 10 4 145 68 15 8 63 11 55 90 91 66 116 41 148 48 100 126 83 67 79 150 40 128 151 28 152 
Cost: 854
Bounds: [764.0,854.0]
Optimality Gap: 10.54%
Data: 764.0,854.0,10.54
578.46 seconds
Nodes In Queue: 1
Bounds: [844.0,854.0]
Optimality Gap: 1.17%
Data: 844.0,854.0,1.17
1852.89 seconds
Nodes In Queue: 2
Improved Solution:
Sequence: 1 87 23 121 7 62 34 64 76 125 141 104 139 143 16 142 36 72 81 75 52 54 86 29 88 95 71 14 89 44 5 18 39 93 30 97 21 127 6 47 59 107 31 60 42 146 96 137 124 26 3 80 140 108 112 98 46 138 122 123 103 111 136 114 82 19 49 35 22 84 129 24 56 118 147 109 94 2 33 106 78 70 130 58 69 131 38 77 132 120 43 20 119 135 25 51 9 115 27 85 73 144 65 102 113 37 61 117 101 17 74 32 45 99 12 53 13 110 50 105 149 133 4 10 134 92 57 148 68 145 15 11 55 90 91 66 116 63 8 41 126 83 79 100 48 67 150 40 128 151 28 152 
Cost: 844
Bounds: [844.0,844.0]
Optimality Gap: 0.0%
Data: 844.0,844.0,0.0
3630.57 seconds
Nodes In Queue: 2
