File Name: n150w120.003.txt
Makespan Objective: true
Peel Setting: maximal
Max Width: 2048
Variety Search Width: 100
Parallel: false
Threads: 1
Time Limit (seconds): 3600
Memory Limit (GB): 640.0
42.45 seconds
Bounds: [903.0,NA]
Data: 903.0,9223372036854775807,100.0
178.66 seconds
Improved Solution:
Sequence: 1 65 41 132 83 29 149 79 31 8 141 142 98 138 39 33 95 35 37 30 28 130 94 12 69 86 10 82 84 20 99 25 90 55 85 127 45 150 27 52 6 117 80 60 87 18 53 4 47 32 54 66 105 70 143 108 104 34 77 38 100 74 51 19 43 103 23 40 101 64 71 124 5 58 121 129 116 15 92 56 62 11 3 97 63 109 107 44 147 76 114 140 91 144 42 137 119 59 88 16 111 9 21 24 118 115 26 148 75 2 110 145 136 113 61 93 68 46 22 128 126 112 131 57 49 146 7 89 134 14 73 72 106 81 67 120 96 13 123 133 102 48 139 17 125 78 135 122 151 50 36 152 
Cost: 909
Bounds: [903.0,909.0]
Optimality Gap: 0.66%
Data: 903.0,909.0,0.66
626.96 seconds
Nodes In Queue: 1
Optimal Solution Found:
Sequence: 1 65 41 132 83 29 149 79 31 8 141 142 98 138 39 33 95 35 37 30 28 130 94 12 69 86 10 82 84 20 99 25 90 55 85 127 45 150 27 52 6 117 80 60 87 18 53 4 47 32 54 66 105 70 143 108 104 34 77 38 100 74 51 19 43 103 23 40 101 64 71 124 5 58 121 129 116 15 92 56 62 11 3 97 63 109 107 44 147 76 114 140 91 144 42 137 119 59 88 16 111 9 21 24 118 115 26 148 75 2 110 145 136 113 61 93 68 46 22 128 126 112 131 57 49 146 7 89 134 14 73 72 106 81 67 120 96 13 123 133 102 48 139 17 125 78 135 122 151 50 36 152 
Cost: 909
1189.98 seconds
Bounds: [909.0,909.0]
Optimality Gap: 0.0%
Data: 909.0,909.0,0.0
1189.99 seconds
