File Name: n150w120.002.txt
Makespan Objective: true
Peel Setting: maximal
Max Width: 2048
Variety Search Width: 100
Parallel: false
Threads: 1
Time Limit (seconds): 3600
Memory Limit (GB): 640.0
Initial Solution:
Sequence: 1 25 42 38 104 114 47 105 58 93 22 92 103 88 80 71 77 31 11 149 66 85 8 5 53 30 6 61 142 35 116 94 76 109 52 57 7 130 136 119 15 56 131 55 12 86 147 23 106 99 18 97 59 64 132 135 134 83 29 75 24 70 91 139 113 16 19 72 74 108 98 36 110 4 14 9 79 60 111 33 112 87 100 62 126 107 63 13 43 40 89 137 121 127 21 146 138 81 101 115 82 141 68 96 150 48 37 67 46 2 54 118 145 128 44 143 117 65 10 102 129 124 123 73 45 69 148 144 41 17 28 133 26 27 51 49 78 50 122 90 95 32 3 20 120 84 39 140 151 34 125 152 
Cost: 917
223.48 seconds
Optimal Solution Found:
Sequence: 1 25 42 38 104 114 47 105 58 93 22 92 103 88 80 71 77 31 11 149 66 85 8 5 53 30 6 61 142 35 116 94 76 109 52 57 7 130 136 119 15 56 131 55 12 86 147 23 106 99 18 97 59 64 132 135 134 83 29 75 24 70 91 139 113 16 19 72 74 108 98 36 110 4 14 9 79 60 111 33 112 87 100 62 126 107 63 13 43 40 89 137 121 127 21 146 138 81 101 115 82 141 68 96 150 48 37 67 46 2 54 118 145 128 44 143 117 65 10 102 129 124 123 73 45 69 148 144 41 17 28 133 26 27 51 49 78 50 122 90 95 32 3 20 120 84 39 140 151 34 125 152 
Cost: 917
654.04 seconds
Bounds: [917.0,917.0]
Optimality Gap: 0.0%
Data: 917.0,917.0,0.0
654.04 seconds
