File Name: n150w120.005.txt
Makespan Objective: true
Peel Setting: maximal
Max Width: 2048
Variety Search Width: 100
Parallel: false
Threads: 1
Time Limit (seconds): 3600
Memory Limit (GB): 640.0
Initial Solution:
Sequence: 1 107 32 65 12 120 118 147 133 104 136 84 101 19 66 48 116 8 106 30 11 75 29 24 54 121 35 5 16 62 88 63 73 28 6 145 3 56 112 140 99 13 34 102 27 82 39 98 135 87 76 109 150 74 143 90 77 97 113 26 31 61 68 59 40 25 21 46 37 91 141 138 45 60 44 81 18 69 100 55 64 57 83 103 122 117 130 9 131 53 17 92 146 72 126 23 67 71 125 20 132 41 86 7 15 47 149 110 129 10 128 2 134 22 96 14 50 105 51 42 58 49 137 85 70 78 124 111 52 95 93 139 94 80 123 79 127 115 43 108 38 89 144 36 114 4 119 151 33 148 142 152 
Cost: 918
188.7 seconds
Bounds: [907.0,918.0]
Optimality Gap: 1.2%
Data: 907.0,918.0,1.2
1133.52 seconds
Improved Solution:
Sequence: 1 107 32 65 12 120 118 147 133 104 136 5 16 62 88 84 101 19 66 48 116 8 106 24 30 90 11 29 75 54 121 35 74 143 150 109 28 73 145 63 3 56 112 140 99 13 34 25 102 27 82 39 98 135 76 6 87 26 31 18 61 68 113 97 44 59 40 77 81 60 138 141 91 37 46 21 69 146 92 53 131 117 83 57 103 64 67 125 20 41 132 71 55 100 72 23 45 126 17 9 130 122 96 22 7 86 15 47 149 10 110 51 58 129 128 134 2 42 50 14 79 105 49 137 78 123 85 70 124 111 52 93 139 80 94 95 115 127 43 108 38 89 144 119 36 114 4 148 33 151 142 152 
Cost: 907
Bounds: [907.0,907.0]
Optimality Gap: 0.0%
Data: 907.0,907.0,0.0
1591.25 seconds
Optimal Solution Found:
Sequence: 1 107 32 65 12 120 118 147 133 104 136 5 16 62 88 84 101 19 66 48 116 8 106 24 30 90 11 29 75 54 121 35 74 143 150 109 28 73 145 63 3 56 112 140 99 13 34 25 102 27 82 39 98 135 76 6 87 26 31 18 61 68 113 97 44 59 40 77 81 60 138 141 91 37 46 21 69 146 92 53 131 117 83 57 103 64 67 125 20 41 132 71 55 100 72 23 45 126 17 9 130 122 96 22 7 86 15 47 149 10 110 51 58 129 128 134 2 42 50 14 79 105 49 137 78 123 85 70 124 111 52 93 139 80 94 95 115 127 43 108 38 89 144 119 36 114 4 148 33 151 142 152 
Cost: 907
1591.26 seconds
Bounds: [907.0,907.0]
Optimality Gap: 0.0%
Data: 907.0,907.0,0.0
1591.26 seconds
