File Name: n150w140.001.txt
Makespan Objective: true
Peel Setting: maximal
Max Width: 2048
Variety Search Width: 100
Parallel: false
Threads: 1
Time Limit (seconds): 3600
Memory Limit (GB): 640.0
52.93 seconds
Bounds: [1008.0,NA]
Data: 1008.0,9223372036854775807,100.0
142.4 seconds
Improved Solution:
Sequence: 1 41 31 143 110 73 20 113 13 148 118 125 9 139 117 29 47 87 62 104 134 21 16 42 150 56 36 106 81 103 114 49 119 37 64 3 2 14 65 38 107 105 109 141 10 33 94 39 78 58 83 28 22 51 24 121 72 97 26 67 6 145 34 112 138 50 88 30 74 93 55 17 146 23 92 69 147 11 70 35 46 132 61 120 7 45 124 135 68 82 100 18 59 27 80 142 137 101 140 40 75 116 85 131 48 122 84 102 66 98 89 57 25 63 15 149 86 32 43 53 44 77 96 128 111 115 133 91 126 8 129 71 136 19 60 144 99 127 52 76 79 130 12 95 90 4 5 108 151 123 54 152 
Cost: 1008
Bounds: [1008.0,1008.0]
Optimality Gap: 0.0%
Data: 1008.0,1008.0,0.0
462.98 seconds
Optimal Solution Found:
Sequence: 1 41 31 143 110 73 20 113 13 148 118 125 9 139 117 29 47 87 62 104 134 21 16 42 150 56 36 106 81 103 114 49 119 37 64 3 2 14 65 38 107 105 109 141 10 33 94 39 78 58 83 28 22 51 24 121 72 97 26 67 6 145 34 112 138 50 88 30 74 93 55 17 146 23 92 69 147 11 70 35 46 132 61 120 7 45 124 135 68 82 100 18 59 27 80 142 137 101 140 40 75 116 85 131 48 122 84 102 66 98 89 57 25 63 15 149 86 32 43 53 44 77 96 128 111 115 133 91 126 8 129 71 136 19 60 144 99 127 52 76 79 130 12 95 90 4 5 108 151 123 54 152 
Cost: 1008
462.99 seconds
Bounds: [1008.0,1008.0]
Optimality Gap: 0.0%
Data: 1008.0,1008.0,0.0
462.99 seconds
