File Name: n150w160.001.txt
Makespan Objective: true
Peel Setting: maximal
Max Width: 2048
Variety Search Width: 100
Parallel: false
Threads: 1
Time Limit (seconds): 3600
Memory Limit (GB): 640.0
Initial Solution:
Sequence: 1 57 123 37 130 110 115 129 83 11 140 81 44 112 82 7 29 56 125 32 116 70 40 80 68 69 146 43 22 5 104 122 16 84 50 20 91 34 108 47 18 149 147 143 139 9 131 2 58 21 65 30 49 78 51 46 105 17 86 3 60 26 89 92 119 124 95 15 118 99 111 102 73 62 76 13 90 137 133 12 72 25 136 27 8 101 134 98 107 100 103 31 106 45 97 14 19 148 128 120 67 53 88 74 35 117 55 59 142 94 66 77 138 52 71 75 79 48 33 54 93 113 39 41 87 145 96 4 121 150 23 6 141 38 135 85 127 64 42 24 126 28 109 63 114 61 132 36 10 144 151 152 
Cost: 965
284.06 seconds
Bounds: [959.0,965.0]
Optimality Gap: 0.62%
Data: 959.0,965.0,0.62
771.97 seconds
Improved Solution:
Sequence: 1 57 123 37 130 110 115 129 83 11 140 81 44 112 82 7 29 56 125 116 32 70 40 80 68 69 146 43 22 5 104 84 122 16 86 17 50 20 91 34 108 105 46 47 131 18 149 147 143 139 9 2 58 21 99 30 49 51 78 111 102 73 62 76 13 90 137 65 133 118 15 95 124 119 92 89 26 3 60 97 72 25 14 27 136 98 134 107 8 45 101 106 31 103 100 12 19 148 128 39 120 67 88 53 74 35 117 55 33 48 79 75 71 138 59 142 66 52 94 87 77 96 4 6 23 150 54 93 113 41 145 121 38 135 85 141 126 127 64 24 42 28 109 36 61 114 63 10 132 151 144 152 
Cost: 964
Bounds: [959.0,964.0]
Optimality Gap: 0.52%
Data: 959.0,964.0,0.52
1579.03 seconds
Nodes In Queue: 1
Optimal Solution Found:
Sequence: 1 57 123 130 37 110 115 129 83 11 140 81 44 112 82 7 29 56 125 32 116 70 40 80 68 69 146 43 22 5 104 16 122 84 50 20 91 34 108 47 131 18 149 147 143 139 9 118 65 21 58 99 49 30 51 2 46 105 17 86 3 60 26 89 92 119 124 95 15 133 111 102 137 90 13 76 62 73 78 12 72 25 27 8 101 134 98 107 100 103 31 19 106 136 14 97 45 148 128 120 67 53 88 74 35 117 55 59 142 138 66 52 94 77 71 75 79 48 33 54 113 39 41 87 4 145 96 150 23 126 93 6 141 121 38 135 85 127 42 64 28 24 109 63 114 61 132 36 10 151 144 152 
Cost: 959
1907.07 seconds
Bounds: [959.0,959.0]
Optimality Gap: 0.0%
Data: 959.0,959.0,0.0
1907.07 seconds
