File Name: n150w160.005.txt
Makespan Objective: true
Peel Setting: maximal
Max Width: 2048
Variety Search Width: 100
Parallel: false
Threads: 1
Time Limit (seconds): 3600
Memory Limit (GB): 640.0
99.05 seconds
Bounds: [837.0,NA]
Data: 837.0,9223372036854775807,100.0
244.64 seconds
Improved Solution:
Sequence: 1 22 118 149 87 20 150 84 23 78 83 131 42 35 50 55 15 148 2 30 14 88 102 122 72 82 125 121 33 52 85 9 24 12 147 146 66 73 81 100 108 139 63 136 107 86 57 27 141 64 114 18 39 58 26 101 123 38 143 111 7 130 135 104 44 113 46 128 142 79 132 124 129 77 105 4 76 126 41 53 37 49 68 75 54 36 48 93 127 34 43 103 117 112 99 10 16 98 70 31 94 11 56 3 120 25 62 28 71 47 92 109 91 65 95 59 67 80 74 21 137 133 106 61 40 13 17 51 96 119 6 60 140 116 145 144 19 110 8 115 32 90 69 29 45 138 134 97 5 89 151 152 
Cost: 927
Bounds: [837.0,927.0]
Optimality Gap: 9.71%
Data: 837.0,927.0,9.71
960.39 seconds
Nodes In Queue: 1
Bounds: [912.0,927.0]
Optimality Gap: 1.6199999999999999%
Data: 912.0,927.0,1.6199999999999999
2366.18 seconds
Nodes In Queue: 2
Improved Solution:
Sequence: 1 87 149 118 14 88 102 30 2 148 50 55 15 35 42 131 83 78 23 84 20 150 22 122 72 82 125 121 9 24 85 52 147 146 66 73 108 81 139 63 136 107 27 18 114 141 64 86 39 58 26 123 101 38 143 111 100 57 33 12 135 79 104 44 142 113 128 46 70 132 124 129 77 105 76 4 126 41 53 37 49 93 130 7 120 94 11 98 16 34 127 48 54 75 36 47 68 28 62 117 112 10 99 103 43 56 3 25 31 71 109 91 137 8 65 95 40 61 106 133 92 21 74 80 59 67 13 6 119 17 51 110 96 145 140 60 115 116 32 90 144 19 134 138 29 45 69 97 89 151 5 152 
Cost: 920
Bounds: [920.0,920.0]
Optimality Gap: 0.0%
Data: 920.0,920.0,0.0
2762.04 seconds
Nodes In Queue: 1
Optimal Solution Found:
Sequence: 1 87 149 118 14 88 102 30 2 148 50 55 15 35 42 131 83 78 23 84 20 150 22 122 72 82 125 121 9 24 85 52 147 146 66 73 108 81 139 63 136 107 27 18 114 141 64 86 39 58 26 123 101 38 143 111 100 57 33 12 135 79 104 44 142 113 128 46 70 132 124 129 77 105 76 4 126 41 53 37 49 93 130 7 120 94 11 98 16 34 127 48 54 75 36 47 68 28 62 117 112 10 99 103 43 56 3 25 31 71 109 91 137 8 65 95 40 61 106 133 92 21 74 80 59 67 13 6 119 17 51 110 96 145 140 60 115 116 32 90 144 19 134 138 29 45 69 97 89 151 5 152 
Cost: 920
3180.15 seconds
Bounds: [920.0,920.0]
Optimality Gap: 0.0%
Data: 920.0,920.0,0.0
3180.16 seconds
