File Name: n200w120.002.txt
Makespan Objective: true
Peel Setting: maximal
Max Width: 2048
Variety Search Width: 100
Parallel: false
Threads: 1
Time Limit (seconds): 3600
Memory Limit (GB): 640.0
Initial Solution:
Sequence: 1 33 187 28 39 8 48 50 193 10 6 197 25 153 125 101 3 186 158 34 92 185 16 183 184 23 110 67 112 91 17 188 173 71 27 80 189 104 106 148 176 139 22 74 119 157 140 166 76 54 120 89 156 2 168 72 180 123 68 47 165 172 129 175 90 15 164 116 43 86 111 38 97 94 132 7 35 135 75 127 45 81 114 84 12 154 46 142 117 131 138 151 146 145 199 103 49 196 62 58 109 192 14 87 79 152 177 190 60 32 59 163 93 9 73 182 29 133 144 130 37 19 162 126 78 141 171 136 51 44 122 30 61 70 42 191 181 200 98 170 36 26 194 41 198 113 108 5 121 161 124 95 137 63 150 115 118 66 174 24 64 99 100 69 21 31 107 134 82 56 143 57 85 169 102 88 83 55 65 149 160 11 18 128 147 52 105 179 13 155 195 53 96 178 20 77 40 4 201 159 167 202 
Cost: 1079
445.85 seconds
Bounds: [1065.0,1079.0]
Optimality Gap: 1.3%
Data: 1065.0,1079.0,1.3
2078.0 seconds
Improved Solution:
Sequence: 1 33 187 28 39 8 50 48 193 10 6 197 25 153 125 101 139 22 119 74 3 186 158 34 176 92 185 16 183 140 168 110 23 67 17 188 173 71 27 80 180 189 91 112 106 104 157 148 184 2 72 156 89 120 54 76 166 123 68 47 165 172 129 175 90 15 164 116 84 43 86 111 81 38 97 94 7 132 135 127 75 35 114 45 12 154 46 142 138 117 131 146 151 145 199 103 49 196 62 58 109 192 14 87 79 152 59 32 60 190 177 163 93 9 182 73 133 29 144 130 37 162 19 126 78 141 171 136 51 44 122 30 61 70 191 42 200 181 98 170 194 41 26 36 198 113 108 5 121 161 124 63 115 150 95 137 118 66 99 174 24 64 100 69 21 31 107 134 82 56 143 169 57 85 102 88 83 55 65 149 160 11 18 128 147 179 105 52 155 13 195 53 96 178 77 20 4 40 159 201 167 202 
Cost: 1072
Bounds: [1065.0,1072.0]
Optimality Gap: 0.65%
Data: 1065.0,1072.0,0.65
2967.07 seconds
Nodes In Queue: 1
