File Name: n200w120.003.txt
Makespan Objective: true
Peel Setting: maximal
Max Width: 2048
Variety Search Width: 100
Parallel: false
Threads: 1
Time Limit (seconds): 3600
Memory Limit (GB): 640.0
Initial Solution:
Sequence: 1 179 32 186 174 49 98 41 188 156 161 195 166 30 124 63 121 107 55 178 102 144 48 170 76 62 39 83 84 90 72 197 196 163 106 159 146 185 190 73 7 198 22 52 92 192 158 100 57 59 28 177 23 116 103 140 69 99 119 17 56 118 15 110 131 109 60 50 97 154 88 167 13 187 89 141 9 10 153 133 137 71 115 96 70 132 184 74 78 113 42 193 14 93 136 51 25 157 111 128 112 101 120 54 43 8 24 77 85 183 105 173 168 200 58 64 180 37 172 91 108 16 130 114 139 155 175 145 19 129 38 171 12 27 82 40 6 122 2 79 3 194 123 182 45 53 135 104 127 47 36 152 44 151 80 148 149 35 191 18 126 75 68 160 87 147 143 150 66 169 65 134 5 31 21 176 61 95 138 162 33 26 189 86 94 142 11 181 29 81 46 4 164 67 34 199 117 201 165 20 125 202 
Cost: 1137
385.75 seconds
Bounds: [1128.0,1137.0]
Optimality Gap: 0.79%
Data: 1128.0,1137.0,0.79
1071.8 seconds
Improved Solution:
Sequence: 1 32 179 39 186 174 49 98 83 41 188 156 161 195 166 30 124 63 121 107 55 178 102 84 90 144 48 170 192 158 76 62 72 197 92 100 196 163 106 159 52 185 190 22 7 73 198 17 119 99 69 140 103 23 116 177 28 59 88 146 57 60 109 110 118 15 131 50 97 154 9 141 113 89 187 137 71 96 115 70 78 74 132 13 167 133 10 153 56 93 136 51 25 111 8 120 101 112 24 77 85 183 105 173 168 58 64 180 157 193 14 184 139 114 130 16 172 37 91 54 43 128 200 42 129 2 19 145 155 108 175 122 3 160 123 182 47 127 152 36 104 53 135 82 27 12 171 38 68 151 44 40 6 45 194 79 87 18 126 75 191 35 149 31 80 148 5 147 95 61 65 169 66 150 134 143 21 176 138 162 189 26 33 11 142 181 94 86 34 199 29 46 81 4 164 67 165 201 117 20 125 202 
Cost: 1128
Bounds: [1128.0,1128.0]
Optimality Gap: 0.0%
Data: 1128.0,1128.0,0.0
1855.39 seconds
Optimal Solution Found:
Sequence: 1 32 179 39 186 174 49 98 83 41 188 156 161 195 166 30 124 63 121 107 55 178 102 84 90 144 48 170 192 158 76 62 72 197 92 100 196 163 106 159 52 185 190 22 7 73 198 17 119 99 69 140 103 23 116 177 28 59 88 146 57 60 109 110 118 15 131 50 97 154 9 141 113 89 187 137 71 96 115 70 78 74 132 13 167 133 10 153 56 93 136 51 25 111 8 120 101 112 24 77 85 183 105 173 168 58 64 180 157 193 14 184 139 114 130 16 172 37 91 54 43 128 200 42 129 2 19 145 155 108 175 122 3 160 123 182 47 127 152 36 104 53 135 82 27 12 171 38 68 151 44 40 6 45 194 79 87 18 126 75 191 35 149 31 80 148 5 147 95 61 65 169 66 150 134 143 21 176 138 162 189 26 33 11 142 181 94 86 34 199 29 46 81 4 164 67 165 201 117 20 125 202 
Cost: 1128
1855.4 seconds
Bounds: [1128.0,1128.0]
Optimality Gap: 0.0%
Data: 1128.0,1128.0,0.0
1855.4 seconds
