File Name: n200w120.004.txt
Makespan Objective: true
Peel Setting: maximal
Max Width: 2048
Variety Search Width: 100
Parallel: false
Threads: 1
Time Limit (seconds): 3600
Memory Limit (GB): 640.0
Initial Solution:
Sequence: 1 45 69 132 93 162 9 193 89 163 129 125 56 77 183 131 191 161 109 197 50 180 36 118 100 121 95 142 143 168 157 30 119 88 148 86 187 33 17 64 66 114 6 175 112 52 81 97 8 103 46 83 7 62 158 116 174 39 55 159 160 150 139 16 11 74 44 98 194 188 92 156 76 135 27 3 73 198 43 54 63 166 108 23 177 34 75 25 61 24 106 123 110 72 138 113 145 82 165 31 134 78 65 84 38 41 79 173 107 60 105 164 85 47 37 141 190 29 111 147 15 2 99 146 122 67 57 186 149 32 182 136 94 179 26 13 144 154 151 5 137 189 120 196 167 51 184 140 126 70 115 185 22 127 18 58 48 42 59 130 102 199 14 124 169 170 68 71 192 128 171 49 117 152 10 133 4 104 101 20 19 153 53 90 35 40 12 96 176 21 80 200 195 181 178 87 172 155 91 201 28 202 
Cost: 1072
400.16 seconds
Optimal Solution Found:
Sequence: 1 45 69 132 93 162 9 193 89 163 129 125 56 77 183 131 191 161 109 197 50 180 36 118 100 121 95 142 143 168 157 30 119 88 148 86 187 33 17 64 66 114 6 175 112 52 81 97 8 103 46 83 7 62 158 116 174 39 55 159 160 150 139 16 11 74 44 98 194 188 92 156 76 135 27 3 73 198 43 54 63 166 108 23 177 34 75 25 61 24 106 123 110 72 138 113 145 82 165 31 134 78 65 84 38 41 79 173 107 60 105 164 85 47 37 141 190 29 111 147 15 2 99 146 122 67 57 186 149 32 182 136 94 179 26 13 144 154 151 5 137 189 120 196 167 51 184 140 126 70 115 185 22 127 18 58 48 42 59 130 102 199 14 124 169 170 68 71 192 128 171 49 117 152 10 133 4 104 101 20 19 153 53 90 35 40 12 96 176 21 80 200 195 181 178 87 172 155 91 201 28 202 
Cost: 1072
1564.66 seconds
Bounds: [1072.0,1072.0]
Optimality Gap: 0.0%
Data: 1072.0,1072.0,0.0
1564.66 seconds
