File Name: n150w160.004.txt
Makespan Objective: true
Peel Setting: maximal
Max Width: 2048
Variety Search Width: 100
Parallel: false
Threads: 1
Time Limit (seconds): 3600
Memory Limit (GB): 640.0
Initial Solution:
Sequence: 1 40 45 130 132 5 93 4 27 78 115 99 12 47 148 43 60 136 63 13 82 150 36 67 84 33 88 138 114 145 77 76 85 8 39 9 141 42 137 113 108 22 44 49 71 104 123 38 126 73 19 37 119 46 50 149 56 75 17 74 65 106 101 68 24 87 144 80 35 118 146 124 128 29 139 16 48 125 96 95 120 140 55 102 129 90 103 143 66 7 57 18 10 64 69 134 61 94 79 26 147 72 109 142 15 122 97 14 98 59 111 30 3 86 28 100 70 41 58 25 127 2 135 54 20 31 133 51 131 34 121 53 62 92 110 81 107 89 91 116 6 32 52 11 21 105 117 23 83 112 151 152 
Cost: 948
220.54 seconds
Bounds: [872.0,948.0]
Optimality Gap: 8.02%
Data: 872.0,948.0,8.02
758.97 seconds
Improved Solution:
Sequence: 1 45 130 132 40 138 114 5 145 93 4 27 78 115 99 12 22 108 113 137 148 43 63 13 82 150 84 33 67 9 36 39 136 77 76 85 8 60 88 47 149 56 104 123 71 49 44 42 141 75 17 74 50 46 126 38 73 37 19 119 146 124 118 35 65 106 80 101 68 24 87 144 125 95 96 120 140 55 102 90 129 26 48 16 139 29 128 103 143 66 57 7 18 10 64 69 134 61 94 79 147 72 109 142 15 122 97 14 59 111 98 51 28 30 86 3 70 41 58 25 54 2 53 34 133 20 31 135 127 62 110 92 100 23 52 91 89 107 116 131 121 6 32 81 117 105 21 11 83 112 151 152 
Cost: 943
Bounds: [872.0,943.0]
Optimality Gap: 7.53%
Data: 872.0,943.0,7.53
1588.51 seconds
Nodes In Queue: 1
Bounds: [912.0,943.0]
Optimality Gap: 3.29%
Data: 912.0,943.0,3.29
2963.87 seconds
Nodes In Queue: 2
