File Name: n150w160.003.txt
Makespan Objective: true
Peel Setting: maximal
Max Width: 2048
Variety Search Width: 100
Parallel: false
Threads: 1
Time Limit (seconds): 3600
Memory Limit (GB): 640.0
Initial Solution:
Sequence: 1 91 87 128 11 95 114 105 138 127 89 97 144 28 25 75 124 22 38 41 67 149 130 73 143 32 64 66 84 20 31 74 45 39 47 108 126 121 50 148 68 132 60 37 136 146 116 103 72 17 111 58 139 112 49 110 62 82 133 79 88 3 100 18 26 56 5 30 129 51 35 86 134 7 54 102 131 98 122 135 48 137 46 57 23 43 109 19 14 83 53 142 76 34 147 13 6 77 42 55 27 29 93 81 15 118 70 9 61 59 12 107 65 123 52 16 99 119 4 71 24 117 10 80 36 150 69 96 101 125 145 33 115 94 106 113 40 21 8 85 141 92 120 90 104 63 2 78 140 151 44 152 
Cost: 962
253.95 seconds
Bounds: [833.0,962.0]
Optimality Gap: 13.41%
Data: 833.0,962.0,13.41
780.47 seconds
Improved Solution:
Sequence: 1 91 87 128 11 95 114 105 127 138 89 50 97 144 28 25 75 124 22 38 41 67 149 130 73 143 32 64 66 84 37 20 31 74 45 47 108 126 121 148 68 132 39 60 136 146 116 103 17 111 18 58 139 112 49 110 79 133 82 62 35 3 100 88 46 72 26 137 56 5 30 129 86 51 134 7 102 54 98 122 135 19 83 14 131 53 109 43 23 48 57 142 76 34 147 13 6 118 55 42 29 27 81 93 15 70 9 61 12 107 24 10 36 117 16 99 119 52 65 123 4 71 59 77 145 125 69 96 101 80 150 33 115 94 106 113 40 21 85 8 78 141 92 104 120 63 90 2 151 140 44 152 
Cost: 934
Bounds: [833.0,934.0]
Optimality Gap: 10.81%
Data: 833.0,934.0,10.81
1740.62 seconds
Nodes In Queue: 1
Optimal Solution Found:
Sequence: 1 91 87 128 11 95 114 105 127 138 89 50 97 144 28 25 75 124 22 38 41 67 149 130 73 143 32 64 66 84 37 20 31 74 45 47 108 126 121 148 68 132 39 60 136 146 116 103 17 111 18 58 139 112 49 110 79 133 82 62 35 3 100 88 46 72 26 137 56 5 30 129 86 51 134 7 102 54 98 122 135 19 83 14 131 53 109 43 23 48 57 142 76 34 147 13 6 118 55 42 29 27 81 93 15 70 9 61 12 107 24 10 36 117 16 99 119 52 65 123 4 71 59 77 145 125 69 96 101 80 150 33 115 94 106 113 40 21 85 8 78 141 92 104 120 63 90 2 151 140 44 152 
Cost: 934
2623.29 seconds
Bounds: [934.0,934.0]
Optimality Gap: 0.0%
Data: 934.0,934.0,0.0
2623.29 seconds
