File Name: n200w120.001.txt
Makespan Objective: true
Peel Setting: maximal
Max Width: 2048
Variety Search Width: 100
Parallel: false
Threads: 1
Time Limit (seconds): 3600
Memory Limit (GB): 640.0
Initial Solution:
Sequence: 1 107 110 61 25 35 26 174 24 135 128 50 16 117 185 136 85 75 130 198 97 38 2 21 115 139 77 60 137 184 144 113 108 56 98 54 47 51 105 90 42 10 173 52 9 19 44 74 194 131 3 129 114 96 87 187 157 172 109 28 59 65 62 30 88 100 118 159 53 120 23 106 57 183 37 167 197 124 48 68 12 64 7 79 149 160 31 127 148 82 32 169 196 39 76 178 119 175 123 103 200 34 67 112 191 33 180 140 17 69 189 91 181 78 49 168 14 195 101 182 94 111 70 8 133 147 72 158 141 4 122 84 80 163 177 83 81 138 151 18 102 104 66 153 89 121 143 126 165 152 95 13 20 73 11 193 199 46 170 176 58 92 5 166 71 132 164 40 55 27 162 154 116 22 146 86 188 179 15 155 43 171 63 45 36 99 190 145 150 41 142 93 192 125 134 186 156 161 6 201 29 202 
Cost: 1119
439.65 seconds
Bounds: [1086.0,1119.0]
Optimality Gap: 2.9499999999999997%
Data: 1086.0,1119.0,2.9499999999999997
1891.18 seconds
Improved Solution:
Sequence: 1 25 35 174 24 135 128 136 85 75 110 61 107 2 38 97 198 130 185 117 16 50 26 21 115 139 77 144 113 108 137 60 42 173 10 52 9 74 90 105 98 47 56 131 184 51 54 194 57 19 44 118 23 53 37 159 183 120 100 62 109 28 65 59 172 157 187 87 96 129 3 114 106 30 88 167 149 160 31 127 82 148 32 196 169 39 76 7 64 79 197 124 68 48 103 200 123 175 12 49 78 181 91 180 69 140 189 17 178 119 33 191 112 67 34 158 141 72 147 11 168 14 195 101 73 182 94 111 70 95 8 133 84 4 122 80 163 177 83 81 138 121 89 102 18 66 153 104 151 143 165 126 46 152 199 20 13 55 27 162 193 170 176 58 92 71 166 5 132 164 40 155 15 86 188 179 22 116 154 41 146 43 150 145 190 36 63 45 99 171 142 93 192 125 134 186 161 156 6 201 29 202 
Cost: 1089
Bounds: [1086.0,1089.0]
Optimality Gap: 0.27999999999999997%
Data: 1086.0,1089.0,0.27999999999999997
2937.8 seconds
Nodes In Queue: 1
