File Name: n150w140.005.txt
Makespan Objective: true
Peel Setting: maximal
Max Width: 2048
Variety Search Width: 100
Parallel: false
Threads: 1
Time Limit (seconds): 3600
Memory Limit (GB): 640.0
Initial Solution:
Sequence: 1 109 12 26 78 112 13 99 106 98 108 25 143 88 2 60 5 28 122 41 23 59 103 56 84 71 113 65 16 86 133 118 150 29 144 148 22 127 120 35 3 6 149 101 102 7 53 111 20 135 21 45 142 34 47 49 90 117 74 4 123 14 93 124 76 138 15 126 42 129 115 50 95 139 11 128 107 87 116 27 52 91 70 110 9 8 73 121 81 96 79 48 37 18 147 36 40 146 33 54 72 141 85 38 83 30 136 125 62 55 75 44 131 10 67 32 97 100 105 31 114 82 58 92 43 61 57 63 66 19 89 104 80 39 130 17 69 137 132 94 77 134 51 24 145 64 46 151 68 119 140 152 
Cost: 960
247.65 seconds
Bounds: [672.0,960.0]
Optimality Gap: 30.0%
Data: 672.0,960.0,30.0
860.56 seconds
Improved Solution:
Sequence: 1 71 109 84 56 12 26 78 13 112 98 108 25 143 88 106 99 2 60 5 28 122 59 23 41 7 102 101 29 144 150 149 148 22 127 120 35 3 6 133 86 16 65 113 103 21 135 20 111 53 118 142 45 11 95 139 74 4 117 90 14 124 93 138 76 126 15 42 79 129 50 115 49 47 34 128 107 48 123 116 27 52 91 70 110 8 9 96 73 121 81 87 37 141 72 54 33 146 40 36 147 18 85 38 83 32 67 10 136 125 62 131 75 44 55 30 97 105 61 100 31 114 82 58 92 80 43 66 63 57 19 89 145 104 39 17 130 137 69 132 24 94 77 134 68 51 64 46 151 140 119 152 
Cost: 926
Bounds: [672.0,926.0]
Optimality Gap: 27.43%
Data: 672.0,926.0,27.43
1425.23 seconds
Nodes In Queue: 1
Bounds: [826.0,926.0]
Optimality Gap: 10.8%
Data: 826.0,926.0,10.8
2740.49 seconds
Nodes In Queue: 2
