File Name: n200w120.005.txt
Makespan Objective: true
Peel Setting: maximal
Max Width: 2048
Variety Search Width: 100
Parallel: false
Threads: 1
Time Limit (seconds): 3600
Memory Limit (GB): 640.0
Initial Solution:
Sequence: 1 90 180 21 192 155 86 87 37 140 56 153 160 115 102 143 132 59 182 40 70 171 152 114 189 121 33 146 137 91 142 82 128 75 13 117 73 84 179 74 113 14 175 18 178 119 181 27 154 44 200 109 101 43 38 177 9 57 149 191 170 196 157 144 80 150 167 25 165 51 23 135 47 17 89 4 172 186 2 54 176 164 77 68 16 156 163 183 61 120 131 3 94 7 5 66 110 129 116 34 88 76 188 173 11 151 95 35 8 193 30 123 108 199 97 112 64 96 45 28 60 52 81 133 92 93 72 169 48 79 49 85 136 185 118 22 12 41 71 83 147 65 106 58 103 105 127 148 69 19 104 6 198 124 67 197 195 31 24 161 184 29 36 122 39 166 26 174 55 42 50 98 99 126 32 145 168 62 190 187 15 53 63 134 125 139 20 194 100 141 46 162 10 159 111 78 138 107 130 201 158 202 
Cost: 1096
387.76 seconds
Bounds: [1073.0,1096.0]
Optimality Gap: 2.1%
Data: 1073.0,1096.0,2.1
943.53 seconds
Improved Solution:
Sequence: 1 90 180 192 155 86 21 121 189 33 146 137 114 37 140 56 153 160 171 87 152 115 117 73 84 179 74 113 157 13 75 128 82 142 91 181 119 27 154 132 59 143 102 70 40 182 44 200 101 109 196 43 177 38 150 9 170 16 68 149 191 165 51 25 167 57 178 18 175 14 144 80 23 135 47 17 89 3 131 172 4 186 2 54 176 164 77 94 61 7 5 66 110 129 156 163 183 120 116 34 88 173 11 188 76 199 108 123 151 95 35 97 8 193 30 112 64 28 96 45 60 52 81 133 72 93 92 49 79 169 48 85 136 185 118 41 71 83 12 22 147 65 106 58 103 127 69 19 104 6 198 161 31 24 124 148 195 67 197 105 184 26 29 36 122 39 166 62 174 55 168 42 190 187 50 98 99 126 32 145 63 134 139 125 15 53 141 194 78 20 100 162 111 46 10 159 107 138 130 201 158 202 
Cost: 1073
Bounds: [1073.0,1073.0]
Optimality Gap: 0.0%
Data: 1073.0,1073.0,0.0
1665.78 seconds
Optimal Solution Found:
Sequence: 1 90 180 192 155 86 21 121 189 33 146 137 114 37 140 56 153 160 171 87 152 115 117 73 84 179 74 113 157 13 75 128 82 142 91 181 119 27 154 132 59 143 102 70 40 182 44 200 101 109 196 43 177 38 150 9 170 16 68 149 191 165 51 25 167 57 178 18 175 14 144 80 23 135 47 17 89 3 131 172 4 186 2 54 176 164 77 94 61 7 5 66 110 129 156 163 183 120 116 34 88 173 11 188 76 199 108 123 151 95 35 97 8 193 30 112 64 28 96 45 60 52 81 133 72 93 92 49 79 169 48 85 136 185 118 41 71 83 12 22 147 65 106 58 103 127 69 19 104 6 198 161 31 24 124 148 195 67 197 105 184 26 29 36 122 39 166 62 174 55 168 42 190 187 50 98 99 126 32 145 63 134 139 125 15 53 141 194 78 20 100 162 111 46 10 159 107 138 130 201 158 202 
Cost: 1073
1665.79 seconds
Bounds: [1073.0,1073.0]
Optimality Gap: 0.0%
Data: 1073.0,1073.0,0.0
1665.79 seconds
