File Name: n200w140.002.txt
Makespan Objective: true
Peel Setting: maximal
Max Width: 2048
Variety Search Width: 100
Parallel: false
Threads: 1
Time Limit (seconds): 3600
Memory Limit (GB): 640.0
Initial Solution:
Sequence: 1 44 66 175 92 16 149 41 199 35 57 39 2 196 162 109 26 129 83 21 68 86 174 78 84 36 111 120 168 146 172 121 5 62 141 152 103 69 185 197 45 148 159 13 55 54 130 15 93 125 32 112 11 105 67 187 119 200 22 51 40 29 101 147 94 179 65 8 6 100 131 49 124 71 10 80 24 70 126 87 177 18 160 117 27 37 139 77 116 195 110 43 61 191 167 115 161 140 95 165 107 72 30 123 176 154 82 118 138 90 64 3 81 73 114 58 20 188 132 144 33 181 193 153 7 133 128 183 143 98 151 91 85 53 76 74 56 4 59 89 50 97 42 75 134 169 88 12 17 136 47 79 170 19 127 106 96 158 173 34 182 198 38 190 31 156 104 135 46 166 63 157 180 60 189 163 23 102 155 113 9 25 108 171 192 122 14 137 145 194 184 164 186 99 48 52 28 178 201 150 142 202 
Cost: 1094
417.92 seconds
Bounds: [1035.0,1094.0]
Optimality Gap: 5.390000000000001%
Data: 1035.0,1094.0,5.390000000000001
1560.92 seconds
Improved Solution:
Sequence: 1 78 174 84 86 44 129 26 39 57 35 185 152 141 103 199 41 149 69 16 92 175 66 109 162 196 2 21 83 68 36 51 13 159 148 45 197 172 120 168 121 5 62 111 146 40 119 200 130 15 125 32 112 93 54 55 22 94 179 11 105 187 67 65 124 80 10 71 49 131 100 101 147 6 8 139 37 117 160 188 18 177 87 126 70 24 29 195 110 43 191 167 61 115 161 140 95 165 107 27 77 116 132 72 30 176 151 91 154 82 118 138 90 85 64 3 53 81 73 114 33 181 193 153 7 75 133 128 183 143 79 170 19 98 144 20 123 58 76 74 4 56 59 42 89 50 97 158 96 106 127 169 88 47 12 17 136 190 31 156 38 198 182 104 135 46 34 134 173 63 166 157 180 9 60 189 102 113 163 23 155 108 25 171 192 186 194 122 164 137 14 184 145 52 48 99 28 178 201 150 142 202 
Cost: 1087
Bounds: [1035.0,1087.0]
Optimality Gap: 4.78%
Data: 1035.0,1087.0,4.78
2566.8 seconds
Nodes In Queue: 1
Optimal Solution Found:
Sequence: 1 78 174 84 86 44 129 26 39 57 35 185 152 141 103 199 41 149 69 16 92 175 66 109 162 196 2 21 83 68 36 51 13 159 148 45 197 172 120 168 121 5 62 111 146 40 119 200 130 15 125 32 112 93 54 55 22 94 179 11 105 187 67 65 124 80 10 71 49 131 100 101 147 6 8 139 37 117 160 188 18 177 87 126 70 24 29 195 110 43 191 167 61 115 161 140 95 165 107 27 77 116 132 72 30 176 151 91 154 82 118 138 90 85 64 3 53 81 73 114 33 181 193 153 7 75 133 128 183 143 79 170 19 98 144 20 123 58 76 74 4 56 59 42 89 50 97 158 96 106 127 169 88 47 12 17 136 190 31 156 38 198 182 104 135 46 34 134 173 63 166 157 180 9 60 189 102 113 163 23 155 108 25 171 192 186 194 122 164 137 14 184 145 52 48 99 28 178 201 150 142 202 
Cost: 1087
3097.33 seconds
Bounds: [1087.0,1087.0]
Optimality Gap: 0.0%
Data: 1087.0,1087.0,0.0
3097.33 seconds
