File Name: n200w140.005.txt
Makespan Objective: true
Peel Setting: maximal
Max Width: 2048
Variety Search Width: 100
Parallel: false
Threads: 1
Time Limit (seconds): 3600
Memory Limit (GB): 640.0
199.88 seconds
Bounds: [961.0,NA]
Data: 961.0,9223372036854775807,100.0
492.08 seconds
Improved Solution:
Sequence: 1 105 93 9 106 171 4 77 113 54 146 137 170 117 143 75 68 193 107 26 43 85 3 132 44 28 37 31 122 182 174 82 73 126 150 153 87 25 198 119 177 167 65 19 91 41 96 16 111 165 160 50 200 39 63 101 164 62 194 55 130 70 33 166 24 147 88 134 154 5 129 144 168 10 92 6 181 27 58 78 52 97 138 189 13 116 29 192 172 159 38 141 21 149 15 34 108 98 2 64 180 12 20 8 66 145 11 133 155 112 61 191 114 185 32 79 71 190 80 84 109 131 120 115 23 186 121 184 118 59 125 90 94 53 136 56 49 46 89 60 95 197 187 86 67 124 123 188 48 110 14 161 127 175 45 142 103 135 179 173 162 100 22 81 99 183 7 57 169 178 74 17 104 157 30 151 196 18 128 40 76 35 163 42 139 156 199 51 36 69 176 158 47 152 83 140 102 72 201 195 148 202 
Cost: 1121
Bounds: [961.0,1121.0]
Optimality Gap: 14.27%
Data: 961.0,1121.0,14.27
1884.94 seconds
Nodes In Queue: 1
