File Name: n200w140.004.txt
Makespan Objective: true
Peel Setting: maximal
Max Width: 2048
Variety Search Width: 100
Parallel: false
Threads: 1
Time Limit (seconds): 3600
Memory Limit (GB): 640.0
Initial Solution:
Sequence: 1 188 120 36 42 54 6 69 109 48 137 73 25 148 174 114 2 12 185 142 143 133 46 184 8 67 63 104 199 119 76 190 37 50 94 27 131 55 127 171 181 159 165 66 160 24 168 80 144 93 192 68 65 58 116 196 128 121 154 153 51 100 151 170 57 103 112 102 15 113 140 32 88 28 41 163 83 124 38 167 22 169 29 19 62 145 195 177 194 90 166 87 115 141 126 11 200 40 135 96 180 49 147 182 23 60 106 117 61 157 35 21 138 34 164 161 59 53 26 129 197 79 173 98 125 74 99 31 122 152 33 156 178 78 136 107 146 172 183 91 89 84 189 139 123 134 20 64 110 111 198 97 86 3 85 176 162 72 77 47 186 39 101 175 5 43 193 45 81 4 70 52 108 44 30 75 18 7 16 150 71 191 13 187 82 149 56 92 17 105 10 14 155 130 118 179 9 158 201 132 95 202 
Cost: 1111
443.27 seconds
Bounds: [1100.0,1111.0]
Optimality Gap: 0.9900000000000001%
Data: 1100.0,1111.0,0.9900000000000001
1273.5 seconds
Improved Solution:
Sequence: 1 188 36 120 42 54 6 69 109 48 137 73 25 148 174 114 2 12 185 142 143 133 63 104 67 8 184 46 68 65 192 93 144 80 168 24 196 121 153 51 154 128 116 165 66 160 58 159 83 181 171 127 50 37 190 76 119 199 94 27 131 55 163 113 102 15 169 22 167 38 112 103 57 170 151 100 124 140 32 41 28 88 29 19 62 145 195 177 194 117 90 166 87 115 141 126 200 11 61 157 35 21 135 49 180 96 182 147 40 106 60 23 34 164 161 59 53 26 122 129 178 138 146 107 136 78 156 152 197 173 98 125 74 99 31 79 189 84 139 64 20 134 123 176 110 111 85 172 33 3 183 91 89 162 72 77 47 186 39 175 5 101 43 193 198 97 86 45 4 81 70 52 108 44 30 75 18 7 16 150 71 14 191 187 130 155 82 149 92 105 56 17 10 13 9 179 118 132 158 201 95 202 
Cost: 1100
Bounds: [1100.0,1100.0]
Optimality Gap: 0.0%
Data: 1100.0,1100.0,0.0
2265.02 seconds
Optimal Solution Found:
Sequence: 1 188 36 120 42 54 6 69 109 48 137 73 25 148 174 114 2 12 185 142 143 133 63 104 67 8 184 46 68 65 192 93 144 80 168 24 196 121 153 51 154 128 116 165 66 160 58 159 83 181 171 127 50 37 190 76 119 199 94 27 131 55 163 113 102 15 169 22 167 38 112 103 57 170 151 100 124 140 32 41 28 88 29 19 62 145 195 177 194 117 90 166 87 115 141 126 200 11 61 157 35 21 135 49 180 96 182 147 40 106 60 23 34 164 161 59 53 26 122 129 178 138 146 107 136 78 156 152 197 173 98 125 74 99 31 79 189 84 139 64 20 134 123 176 110 111 85 172 33 3 183 91 89 162 72 77 47 186 39 175 5 101 43 193 198 97 86 45 4 81 70 52 108 44 30 75 18 7 16 150 71 14 191 187 130 155 82 149 92 105 56 17 10 13 9 179 118 132 158 201 95 202 
Cost: 1100
2265.03 seconds
Bounds: [1100.0,1100.0]
Optimality Gap: 0.0%
Data: 1100.0,1100.0,0.0
2265.03 seconds
