File Name: n200w140.001.txt
Makespan Objective: true
Peel Setting: maximal
Max Width: 2048
Variety Search Width: 100
Parallel: false
Threads: 1
Time Limit (seconds): 3600
Memory Limit (GB): 640.0
178.17 seconds
Bounds: [929.0,NA]
Data: 929.0,9223372036854775807,100.0
391.98 seconds
Improved Solution:
Sequence: 1 56 115 7 154 76 184 55 158 85 173 119 127 91 187 113 59 32 47 101 142 10 194 75 52 116 191 132 183 157 200 167 73 196 66 8 112 128 159 61 156 175 105 143 161 38 19 39 20 6 78 100 99 21 165 70 168 83 109 28 135 18 35 15 64 27 13 148 94 62 177 144 125 92 198 185 169 190 160 46 68 122 11 106 170 34 81 22 139 118 90 23 140 126 33 16 145 77 188 192 179 164 149 199 134 40 147 30 123 53 44 54 195 84 50 151 166 174 67 95 93 88 172 58 60 25 89 80 182 43 153 197 104 138 155 82 103 108 3 86 17 152 180 69 26 186 57 97 96 45 24 162 163 189 150 79 12 121 42 114 111 178 48 74 120 51 65 2 181 37 72 49 193 146 129 9 87 102 171 98 31 36 124 29 71 63 107 141 131 137 133 117 41 4 136 14 5 201 176 110 130 202 
Cost: 1146
Bounds: [929.0,1146.0]
Optimality Gap: 18.94%
Data: 929.0,1146.0,18.94
1478.17 seconds
Nodes In Queue: 1
