File Name: n200w140.003.txt
Makespan Objective: true
Peel Setting: maximal
Max Width: 2048
Variety Search Width: 100
Parallel: false
Threads: 1
Time Limit (seconds): 3600
Memory Limit (GB): 640.0
Initial Solution:
Sequence: 1 70 62 153 143 123 95 122 14 113 27 179 120 137 174 112 57 47 61 158 24 31 63 53 173 23 196 195 124 100 157 140 33 200 135 78 186 84 72 177 59 12 85 171 28 129 133 119 54 5 160 43 71 55 34 169 9 41 52 67 139 156 81 42 127 97 152 6 4 188 21 17 181 15 98 199 180 92 39 20 94 66 159 87 65 25 90 144 134 76 121 117 93 166 167 189 68 175 101 148 10 138 103 149 22 132 19 46 107 145 141 163 147 89 105 154 29 2 184 82 13 187 77 64 161 142 108 8 86 83 150 40 190 126 99 162 128 165 182 197 26 111 38 32 58 115 73 51 37 170 155 35 106 75 109 50 49 178 30 60 168 176 192 110 131 114 198 191 18 146 3 88 7 96 104 183 74 185 80 11 118 16 102 130 151 69 193 56 125 164 172 91 194 44 136 116 48 79 201 45 36 202 
Cost: 1087
440.97 seconds
Bounds: [979.0,1087.0]
Optimality Gap: 9.94%
Data: 979.0,1087.0,9.94
1400.53 seconds
Improved Solution:
Sequence: 1 70 153 143 123 78 113 27 179 137 120 174 112 57 47 61 158 24 160 173 23 195 196 54 200 135 72 84 122 14 95 62 97 59 177 119 133 140 157 100 124 43 53 63 31 5 33 12 85 129 28 171 4 42 127 152 6 186 81 169 9 34 55 71 188 21 17 52 41 139 156 67 134 121 76 144 117 93 90 98 15 199 180 166 92 39 20 159 66 94 87 65 25 181 101 175 105 64 141 163 147 89 167 189 2 29 184 13 187 154 68 77 161 103 138 149 10 22 132 19 46 107 145 148 82 108 8 86 83 150 126 99 40 190 162 128 165 182 197 142 26 111 38 32 58 115 73 51 170 155 35 106 75 109 37 168 176 49 30 178 60 192 110 131 198 18 3 146 114 80 191 88 7 96 104 74 183 50 11 16 118 56 102 130 151 69 193 185 125 164 172 91 44 194 79 116 48 136 201 45 36 202 
Cost: 1083
Bounds: [979.0,1083.0]
Optimality Gap: 9.6%
Data: 979.0,1083.0,9.6
2331.6 seconds
Nodes In Queue: 1
