n20w80.001.txt 403.0 403.0 0.0 2.12
rbg132.tw 18524.0 18524.0 0.0 166.49
n100w140.005.txt 805.0 805.0 0.0 477.2
n200w40.001.txt 1188.0 1188.0 0.0 272.29
n20w180.003.txt 315.0 315.0 0.0 17.43
N40ft204.dat 897.4000000000001 897.4000000000001 0.0 0.06
n60w80.004.txt 679.0 679.0 0.0 59.47
N20ft303.dat 746.4 746.4 0.0 0.06
n150w140.005.txt 826.0 926.0 10.8 2740.49
N60ft210.dat 1273.2 1273.2 0.0 2.22
n40w160.002.txt 451.0 451.0 0.0 131.65
n20w120.005.txt 315.0 315.0 0.0 11.88
rc_202.1.txt 850.4819 850.4819 0.0 29.56
n20w60.003.txt 381.0 381.0 0.0 0.08
rc_201.4.txt 889.1760999999999 889.1760999999999 0.0 0.32
n40w200.004.txt 426.0 426.0 0.0 37.55
rc_202.3.txt 894.1028999999999 894.1028999999999 0.0 9.24
rbg020a.tw 4689.0 4689.0 0.0 0.28
n20w120.004.txt 353.0 353.0 0.0 9.36
n150w40.002.txt 1072.0 1072.0 0.0 302.8
n60w80.002.txt 611.0 611.0 0.0 45.52
n20w160.001.txt 347.0 347.0 0.0 16.31
rc204.1 492.6047 492.6047 0.0 254.83
rc208.0 836.0417 836.0417 0.0 2256.13
n60w140.003.txt 625.0 625.0 0.0 89.37
n60w20.003.txt 593.0 593.0 0.0 6.96
n100w40.003.txt 835.0 835.0 0.0 164.55
N20ft405.dat 724.7 724.7 0.0 0.08
rbg172a.tw 17766.0 17784.0 0.1 1227.39
rbg201a.tw 21380.0 21380.0 0.0 690.22
n60w80.005.txt 589.0 589.0 0.0 86.38
n60w200.003.txt 560.0 561.0 0.18 2215.04
N60ft301.dat 1375.4 1375.4 0.0 0.72
rc203.2 853.7075 853.7075 0.0 53.03
rc204.0 839.2354 839.2354 0.0 36.25
n20w80.003.txt 365.0 365.0 0.0 0.75
n80w20.001.txt 729.0 729.0 0.0 40.45
rbg019c.tw 4536.0 4536.0 0.0 2.56
n80w160.004.txt 655.0 655.0 0.0 944.97
N60ft304.dat 1283.6000000000004 1283.6000000000004 0.0 3.33
rc_204.1.txt 915.2194 918.0137 0.3 1342.36
n150w20.003.txt 959.0 959.0 0.0 184.01
n100w40.005.txt 834.0 834.0 0.0 242.46
n200w120.001.txt 1086.0 1089.0 0.27999999999999997 2937.8
n20w160.005.txt 342.0 342.0 0.0 14.35
rc_208.3.txt 606.1502 686.7954000000001 11.74 3570.08
n20w60.005.txt 392.0 392.0 0.0 0.59
n20w80.005.txt 307.0 307.0 0.0 5.82
n80w100.001.txt 676.0 676.0 0.0 966.52
n80w200.001.txt 626.0 626.0 0.0 271.52
N40ft202.dat 1017.4000000000001 1017.4000000000001 0.0 0.06
rbg021.9.tw 4481.0 4481.0 0.0 387.29
n40w80.004.txt 462.0 462.0 0.0 31.94
n20w140.002.txt 307.0 307.0 0.0 5.99
n60w140.001.txt 596.0 596.0 0.0 136.02
N20ft301.dat 661.6000000000001 661.6000000000001 0.0 0.06
rbg021.tw 4536.0 4536.0 0.0 2.56
N20ft306.dat 729.5 729.5 0.0 0.06
rbg021.5.tw 4516.0 4516.0 0.0 18.36
rbg055a.tw 6929.0 6929.0 0.0 37.86
n200w120.003.txt 1128.0 1128.0 0.0 1855.39
n20w120.001.txt 337.0 337.0 0.0 5.13
rc_202.4.txt 853.7075 853.7075 0.0 11.17
rbg021.8.tw 4481.0 4481.0 0.0 397.88
n80w180.002.txt 631.0 639.0 1.25 1845.48
n40w60.003.txt 465.0 465.0 0.0 23.8
N60ft201.dat 1375.4 1375.4 0.0 0.13
n80w140.002.txt 651.0 651.0 0.0 155.8
n100w60.004.txt 834.0 834.0 0.0 86.16
n100w160.003.txt 935.0 935.0 0.0 232.75
n80w120.003.txt 677.0 677.0 0.0 681.72
rbg092a.tw 12501.0 12501.0 0.0 105.84
n40w20.003.txt 514.0 514.0 0.0 1.37
n80w40.004.txt 662.0 662.0 0.0 38.17
n150w60.002.txt 940.0 941.0 0.11 2557.09
n60w20.001.txt 586.0 586.0 0.0 6.05
rc202.2 853.7075 853.7075 0.0 11.4
rc201.1 850.4819 850.4819 0.0 5.02
n20w40.003.txt 355.0 355.0 0.0 0.08
N40ft408.dat 1043.5 1043.5 0.0 0.25
n20w100.002.txt 285.0 285.0 0.0 7.64
rbg067a.tw 10331.0 10331.0 0.0 50.47
N60ft409.dat 1241.8 1241.8 0.0 6.75
n20w60.002.txt 300.0 300.0 0.0 0.68
n40w100.004.txt 476.0 476.0 0.0 25.18
n200w40.005.txt 1171.0 1171.0 0.0 494.15
n150w160.004.txt 912.0 943.0 3.29 2963.87
n80w60.003.txt 743.0 743.0 0.0 127.93
N60ft302.dat 1184.3999999999999 1184.3999999999999 0.0 2.1
N60ft406.dat 1236.8 1236.8 0.0 10.36
N60ft207.dat 1305.3 1305.3 0.0 0.07
rbg021.3.tw 4528.0 4528.0 0.0 14.33
rbg050b.tw 11748.0 11957.0 1.7500000000000002 1488.15
rbg086a.tw 16899.0 16899.0 0.0 55.93
n200w20.003.txt 1178.0 1178.0 0.0 382.11
n100w40.001.txt 841.0 841.0 0.0 81.21
n60w40.005.txt 608.0 608.0 0.0 27.57
n20w100.004.txt 379.0 379.0 0.0 2.14
n100w40.004.txt 809.0 809.0 0.0 110.67
rbg152.tw 17455.0 17455.0 0.0 293.16
n100w80.001.txt 797.0 797.0 0.0 2557.77
rc_204.2.txt 690.0555 690.0555 0.0 445.91
n80w140.004.txt 612.0 612.0 0.0 326.5
n40w80.002.txt 498.0 498.0 0.0 37.16
n60w100.002.txt 622.0 622.0 0.0 49.11
n60w120.002.txt 606.0 606.0 0.0 160.15
n20w40.001.txt 280.0 280.0 0.0 0.12
N60ft402.dat 1183.3999999999999 1183.3999999999999 0.0 4.65
n150w40.004.txt 948.0 948.0 0.0 261.44
n100w120.001.txt 882.0 882.0 0.0 304.59
rbg042a.tw 3260.0 3260.0 0.0 133.16
rbg033a.tw 3757.0 3757.0 0.0 26.84
n100w80.003.txt 829.0 839.0 1.1900000000000002 2490.12
n60w40.004.txt 628.0 628.0 0.0 15.52
n40w140.005.txt 438.0 438.0 0.0 79.34
rc_207.3.txt 745.7717 745.7717 0.0 664.62
rc206.0 893.2148000000001 893.2148000000001 0.0 40.68
n40w80.003.txt 488.0 488.0 0.0 24.64
rc_201.3.txt 853.7075 853.7075 0.0 4.57
n100w20.005.txt 825.0 825.0 0.0 43.67
n80w180.004.txt 659.0 659.0 0.0 689.71
n150w60.005.txt 997.0 997.0 0.0 537.8
n80w60.004.txt 718.0 718.0 0.0 98.69
rbg017a.tw 4296.0 4296.0 0.0 0.29
n150w40.005.txt 980.0 980.0 0.0 3533.27
N20ft307.dat 691.7999999999998 691.7999999999998 0.0 0.06
N60ft310.dat 1273.2 1273.2 0.0 2.91
rc208.2 596.2072999999999 596.2072999999999 0.0 276.6
N40ft404.dat 897.4000000000001 897.4000000000001 0.0 0.16
n80w20.004.txt 694.0 694.0 0.0 29.54
rbg233.tw 26143.0 26143.0 0.0 310.61
rbg035a.tw 3388.0 3388.0 0.0 17.85
n100w20.004.txt 828.0 828.0 0.0 40.49
n60w120.003.txt 541.0 541.0 0.0 215.21
N60ft405.dat 1212.5 1212.5 0.0 4.1
N20ft407.dat 691.7999999999998 691.7999999999998 0.0 0.06
rbg021.2.tw 4528.0 4528.0 0.0 9.2
rc_203.1.txt 488.4224 488.4224 0.0 5.0
n40w100.001.txt 471.0 471.0 0.0 78.64
rbg193.tw 21401.0 21401.0 0.0 408.75
n60w200.002.txt 572.0 572.0 0.0 235.71
rc_205.1.txt 417.8058 417.8058 0.0 0.26
n40w60.002.txt 509.0 509.0 0.0 13.42
n200w120.005.txt 1073.0 1073.0 0.0 1665.78
N60ft408.dat 1150.0000000000002 1150.0000000000002 0.0 5.79
n60w200.001.txt 526.0 526.0 0.0 846.26
n60w40.003.txt 675.0 675.0 0.0 29.48
N40ft407.dat 872.1999999999999 872.1999999999999 0.0 0.6
n100w160.001.txt 868.0 868.0 0.0 1258.25
rc_201.1.txt 592.0611 592.0611 0.0 1.75
n150w60.004.txt 998.0 998.0 0.0 604.28
rbg019a.tw 2694.0 2694.0 0.0 0.55
n40w20.004.txt 442.0 442.0 0.0 1.04
n60w120.001.txt 536.0 536.0 0.0 101.97
N60ft206.dat 1238.8 1238.8 0.0 0.34
n60w180.002.txt 561.0 561.0 0.0 206.83
n80w180.003.txt 680.0 680.0 0.0 148.69
rc_205.2.txt 820.1853 820.1853 0.0 11.47
N60ft303.dat 1194.2 1194.2 0.0 0.23
n200w20.002.txt 1124.0 1124.0 0.0 477.22
n40w180.002.txt 448.0 448.0 0.0 137.02
n20w120.003.txt 347.0 347.0 0.0 8.12
N40ft208.dat 1051.6 1051.6 0.0 0.08
rc_207.2.txt 713.8951999999999 713.8951999999999 0.0 110.75
N20ft308.dat 788.1999999999999 788.1999999999999 0.0 0.06
n20w20.003.txt 403.0 403.0 0.0 0.11
n20w60.001.txt 400.0 400.0 0.0 2.1
n20w120.002.txt 246.0 246.0 0.0 6.13
n80w100.002.txt 721.0 721.0 0.0 1071.28
n100w140.002.txt 1021.0 1021.0 0.0 249.58
N60ft203.dat 1194.2 1194.2 0.0 0.08
n150w60.003.txt 984.0 984.0 0.0 1541.55
n20w20.004.txt 401.0 401.0 0.0 0.07
n40w160.005.txt 373.0 373.0 0.0 77.57
n80w80.003.txt 730.0 730.0 0.0 110.76
N20ft309.dat 751.8 751.8 0.0 0.06
rc208.1 615.5076000000001 615.5076000000001 0.0 417.09
n20w180.004.txt 284.0 284.0 0.0 30.96
n80w140.005.txt 725.0 739.0 1.8900000000000001 2605.79
rbg021.4.tw 4525.0 4525.0 0.0 19.95
n60w180.001.txt 556.0 556.0 0.0 120.08
n200w140.003.txt 979.0 1083.0 9.6 2331.6
n20w80.002.txt 397.0 397.0 0.0 1.24
N20ft401.dat 660.9000000000001 660.9000000000001 0.0 0.07
n40w180.004.txt 409.0 409.0 0.0 59.34
n60w180.005.txt 528.0 528.0 0.0 219.24
rc_208.2.txt 579.5087 579.5087 0.0 496.96
n80w40.003.txt 731.0 731.0 0.0 49.56
n20w200.004.txt 326.0 326.0 0.0 26.12
N40ft410.dat 1034.3 1034.3 0.0 0.07
n40w140.001.txt 460.0 460.0 0.0 77.3
n40w100.002.txt 452.0 452.0 0.0 55.8
N40ft409.dat 1025.5 1025.5 0.0 0.12
n150w120.002.txt 917.0 917.0 0.0 654.04
N60ft209.dat 1243.8 1243.8 0.0 0.23
N60ft204.dat 1283.6000000000004 1283.6000000000004 0.0 0.09
n60w20.005.txt 629.0 629.0 0.0 4.24
n150w140.003.txt 844.0 844.0 0.0 3630.57
n40w40.004.txt 508.0 508.0 0.0 9.24
n40w40.005.txt 488.0 488.0 0.0 17.23
n60w60.001.txt 722.0 722.0 0.0 24.45
rbg041a.tw 3793.0 3793.0 0.0 23.72
n20w100.005.txt 327.0 327.0 0.0 5.79
n40w60.001.txt 535.0 535.0 0.0 13.88
n100w100.002.txt 780.0 780.0 0.0 123.94
n40w140.003.txt 476.0 476.0 0.0 23.65
n60w160.002.txt 665.0 665.0 0.0 65.43
n80w180.005.txt 444.0 632.0 29.75 3005.28
rbg034a.tw 3314.0 3314.0 0.0 18.78
n40w40.003.txt 536.0 536.0 0.0 4.86
n40w120.005.txt 470.0 470.0 0.0 24.7
n40w140.004.txt 458.0 458.0 0.0 103.45
rc_206.4.txt 911.9815 911.9815 0.0 249.85
n40w200.005.txt 408.0 408.0 0.0 182.99
n60w160.003.txt 569.0 569.0 0.0 115.57
n80w60.005.txt 695.0 695.0 0.0 71.97
n100w60.003.txt 856.0 856.0 0.0 393.23
n100w20.001.txt 827.0 827.0 0.0 22.6
N20ft402.dat 701.0 701.0 0.0 0.07
n100w60.005.txt 790.0 790.0 0.0 330.56
n150w40.001.txt 1058.0 1058.0 0.0 1189.38
n200w140.001.txt 929.0 1146.0 18.94 1478.17
n20w180.002.txt 347.0 347.0 0.0 7.44
n60w40.001.txt 664.0 664.0 0.0 22.66
rbg050a.tw 12050.0 12050.0 0.0 76.87
n100w100.004.txt 844.0 844.0 0.0 159.35
n80w120.001.txt 675.0 675.0 0.0 260.17
N60ft202.dat 1186.4 1186.4 0.0 0.09
n200w140.002.txt 1087.0 1087.0 0.0 3097.33
n100w80.002.txt 790.0 790.0 0.0 83.34
rc201.0 853.7075 853.7075 0.0 3.17
n80w180.001.txt 678.0 678.0 0.0 349.91
rbg021.7.tw 4481.0 4481.0 0.0 330.28
n60w140.002.txt 647.0 647.0 0.0 69.59
n100w60.002.txt 782.0 782.0 0.0 148.01
n20w40.005.txt 325.0 325.0 0.0 0.09
n200w20.005.txt 1123.0 1123.0 0.0 569.79
n20w100.003.txt 358.0 358.0 0.0 9.12
rbg016a.tw 2596.0 2596.0 0.0 0.59
rc205.3 684.2097 684.2097 0.0 10.51
n40w100.005.txt 458.0 458.0 0.0 26.47
rc_205.3.txt 950.0539 950.0539 0.0 20.15
rc_205.4.txt 837.7082999999999 837.7082999999999 0.0 13.12
n80w60.001.txt 674.0 674.0 0.0 123.69
rc_203.3.txt 921.4397 921.4397 0.0 229.75
N60ft404.dat 1283.6000000000004 1283.6000000000004 0.0 5.46
n200w40.004.txt 1150.0 1150.0 0.0 1004.33
rbg125a.tw 14214.0 14214.0 0.0 240.51
n60w100.001.txt 576.0 576.0 0.0 47.9
N40ft210.dat 1035.3 1035.3 0.0 0.06
N60ft208.dat 1172.6 1172.6 0.0 1.17
n20w200.002.txt 242.0 242.0 0.0 32.44
rc202.0 850.4819 850.4819 0.0 10.65
rbg049a.tw 13257.0 13257.0 0.0 43.08
n80w80.004.txt 743.0 743.0 0.0 206.81
rbg017.2.tw 2351.0 2351.0 0.0 4.68
n60w160.004.txt 573.0 573.0 0.0 280.64
rc_203.2.txt 853.7075 853.7075 0.0 24.89
n100w160.005.txt 917.0 917.0 0.0 622.96
rc207.1 785.3660000000001 785.3660000000001 0.0 132.4
n200w20.001.txt 1139.0 1139.0 0.0 236.02
n60w140.005.txt 554.0 554.0 0.0 96.83
N20ft408.dat 786.1 786.1 0.0 0.06
n60w80.001.txt 606.0 606.0 0.0 70.71
n80w140.001.txt 689.0 689.0 0.0 185.95
n150w160.002.txt 861.0 912.0 5.59 2633.77
rbg038a.tw 5699.0 5699.0 0.0 22.98
n20w160.003.txt 331.0 331.0 0.0 5.24
n40w160.003.txt 415.0 415.0 0.0 73.22
n150w40.003.txt 894.0 894.0 0.0 202.91
n60w20.004.txt 670.0 670.0 0.0 7.91
n20w200.005.txt 277.0 277.0 0.0 9.29
n60w40.002.txt 697.0 697.0 0.0 32.01
n40w180.001.txt 444.0 444.0 0.0 134.27
n80w100.004.txt 759.0 759.0 0.0 435.13
N40ft207.dat 884.8999999999999 884.8999999999999 0.0 0.07
n150w160.005.txt 920.0 920.0 0.0 2762.04
n200w120.002.txt 1065.0 1072.0 0.65 2967.07
n100w100.003.txt 818.0 819.0 0.12 242.83
n150w160.001.txt 959.0 959.0 0.0 1907.07
n20w160.002.txt 250.0 250.0 0.0 12.65
n80w60.002.txt 733.0 733.0 0.0 141.75
N60ft306.dat 1237.8 1237.8 0.0 4.87
n80w120.002.txt 748.0 748.0 0.0 102.1
rc_203.4.txt 338.5183 338.5183 0.0 2.7
n40w160.004.txt 425.0 425.0 0.0 34.02
N20ft410.dat 693.8000000000001 693.8000000000001 0.0 0.06
rbg027a.tw 5093.0 5093.0 0.0 9.35
n40w20.001.txt 523.0 523.0 0.0 0.54
n40w200.001.txt 416.0 416.0 0.0 44.65
n80w160.001.txt 624.0 624.0 0.0 217.47
rc205.1 899.2354 899.2354 0.0 6.65
n80w20.003.txt 727.0 727.0 0.0 16.35
rc202.1 702.2843 702.2843 0.0 19.59
n80w160.005.txt 645.0 645.0 0.0 488.2
n80w100.005.txt 671.0 671.0 0.0 423.5
n40w120.004.txt 392.0 392.0 0.0 59.6
n150w140.002.txt 1020.0 1021.0 0.1 541.46
rbg031a.tw 3498.0 3498.0 0.0 12.87
n200w140.004.txt 1100.0 1100.0 0.0 2265.02
n40w60.005.txt 423.0 423.0 0.0 25.15
n60w120.005.txt 579.0 579.0 0.0 167.99
rc_207.1.txt 804.6736 804.6736 0.0 289.99
rc203.1 850.4819 850.4819 0.0 41.22
n80w120.005.txt 743.0 743.0 0.0 315.0
n40w40.001.txt 510.0 510.0 0.0 2.45
n100w140.003.txt 844.0 844.0 0.0 245.12
n100w120.005.txt 870.0 870.0 0.0 342.28
rbg193.2.tw 21401.0 21401.0 0.0 1072.79
n60w100.005.txt 668.0 668.0 0.0 85.2
N40ft403.dat 903.1 903.1 0.0 2.57
rc_202.2.txt 338.5183 338.5183 0.0 1.54
n150w120.003.txt 909.0 909.0 0.0 1189.99
rbg019b.tw 3840.0 3840.0 0.0 5.79
rbg050c.tw 10985.0 10985.0 0.0 608.13
n60w160.005.txt 619.0 619.0 0.0 162.69
n60w60.003.txt 619.0 619.0 0.0 123.67
N20ft406.dat 728.5 728.5 0.0 0.06
rbg017.tw 2351.0 2351.0 0.0 1.55
rbg021.6.tw 4492.0 4492.0 0.0 116.12
n20w200.003.txt 305.0 305.0 0.0 8.32
n200w20.004.txt 1125.0 1125.0 0.0 889.15
N60ft307.dat 1298.3999999999999 1298.3999999999999 0.0 0.3
n20w180.001.txt 353.0 353.0 0.0 6.9
n20w40.004.txt 397.0 397.0 0.0 0.1
n20w200.001.txt 259.0 259.0 0.0 9.02
n60w60.002.txt 715.0 715.0 0.0 36.76
n100w80.004.txt 854.0 854.0 0.0 119.96
n200w140.005.txt 961.0 1121.0 14.27 1884.94
n80w80.001.txt 728.0 728.0 0.0 85.54
n100w20.003.txt 834.0 834.0 0.0 29.63
N20ft404.dat 817.0 817.0 0.0 0.08
n100w40.002.txt 786.0 786.0 0.0 233.56
N40ft203.dat 903.1 903.1 0.0 0.09
rbg132.2.tw 18524.0 18524.0 0.0 383.13
n40w20.005.txt 520.0 520.0 0.0 0.11
rbg048a.tw 9799.0 9799.0 0.0 47.5
n40w200.002.txt 402.0 402.0 0.0 90.46
N20ft403.dat 746.4 746.4 0.0 0.08
n60w120.004.txt 607.0 607.0 0.0 72.17
rc207.2 650.8034999999999 650.8034999999999 0.0 252.09
n80w100.003.txt 729.0 729.0 0.0 99.03
n60w60.005.txt 669.0 669.0 0.0 39.9
n40w120.002.txt 557.0 557.0 0.0 26.93
n100w160.004.txt 814.0 814.0 0.0 569.6
rc_201.2.txt 860.1749 860.1749 0.0 1.06
rc206.1 756.4451 756.4451 0.0 61.77
N40ft401.dat 1105.2 1105.2 0.0 0.11
n60w180.004.txt 629.0 629.0 0.0 264.17
N40ft205.dat 983.6 983.6 0.0 0.07
n40w120.003.txt 464.0 464.0 0.0 37.06
n60w200.005.txt 618.0 618.0 0.0 292.92
rc206.2 776.1913000000001 776.1913000000001 0.0 115.81
n150w60.001.txt 1024.0 1024.0 0.0 1306.06
n80w80.002.txt 690.0 690.0 0.0 314.5
n60w160.001.txt 672.0 672.0 0.0 148.81
n40w80.005.txt 488.0 488.0 0.0 50.14
rc_206.2.txt 870.4875000000001 870.4875000000001 0.0 95.97
rbg233.2.tw 26143.0 26143.0 0.0 1386.83
n20w20.002.txt 296.0 296.0 0.0 0.09
n80w200.002.txt 638.0 638.0 0.0 916.82
n20w20.001.txt 387.0 387.0 0.0 0.08
N60ft305.dat 1214.5 1214.5 0.0 2.24
n80w160.003.txt 690.0 690.0 0.0 2930.56
N60ft410.dat 1273.2 1273.2 0.0 10.13
n100w100.005.txt 749.0 749.0 0.0 429.2
n60w60.004.txt 639.0 639.0 0.0 101.05
rc_204.3.txt 455.03149999999994 455.03149999999994 0.0 571.24
rc_208.1.txt 810.70114 810.70114 0.0 1870.15
rc203.0 870.5224999999999 870.5224999999999 0.0 247.92
n80w140.003.txt 673.0 673.0 0.0 1408.64
rc202.3 883.9654999999999 883.9654999999999 0.0 42.31
n40w140.002.txt 459.0 459.0 0.0 30.01
rc205.0 834.6158 834.6158 0.0 11.58
n150w120.005.txt 907.0 907.0 0.0 1591.25
N60ft308.dat 1168.8 1168.8 0.0 3.93
rbg040a.tw 5679.0 5679.0 0.0 20.86
n100w80.005.txt 759.0 759.0 0.0 262.46
N40ft209.dat 1027.5 1027.5 0.0 0.06
n80w200.005.txt 621.0 621.0 0.0 2143.38
n40w200.003.txt 408.0 408.0 0.0 107.36
N60ft403.dat 1194.2 1194.2 0.0 3.74
n40w100.003.txt 458.0 458.0 0.0 44.81
n40w180.005.txt 438.0 438.0 0.0 168.31
n40w40.002.txt 519.0 519.0 0.0 16.34
rc204.2 728.9379 914.8894 20.330000000000002 3009.95
rc207.0 847.6348 847.6348 0.0 224.89
rbg019d.tw 3479.0 3479.0 0.0 1.71
n40w160.001.txt 470.0 470.0 0.0 93.24
N40ft206.dat 1081.9 1081.9 0.0 0.06
n200w120.004.txt 1072.0 1072.0 0.0 1564.66
n100w100.001.txt 787.0 787.0 0.0 182.66
n40w80.001.txt 497.0 497.0 0.0 31.58
n80w40.005.txt 791.0 791.0 0.0 69.94
n100w160.002.txt 791.0 791.0 0.0 861.44
n150w140.004.txt 898.0 919.0 2.29 2142.98
N40ft406.dat 1081.9 1081.9 0.0 0.88
n40w180.003.txt 398.0 398.0 0.0 69.47
n80w40.002.txt 701.0 701.0 0.0 34.24
n60w140.004.txt 578.0 578.0 0.0 72.23
n20w140.003.txt 301.0 301.0 0.0 12.81
n100w120.002.txt 893.0 893.0 0.0 214.04
n40w60.004.txt 475.0 475.0 0.0 20.68
n20w140.004.txt 318.0 318.0 0.0 6.35
n80w120.004.txt 644.0 644.0 0.0 247.44
N20ft305.dat 724.7 724.7 0.0 0.06
rc205.2 908.7854 908.7854 0.0 12.72
n80w80.005.txt 682.0 682.0 0.0 166.66
n60w80.003.txt 656.0 656.0 0.0 116.6
n20w140.001.txt 230.0 230.0 0.0 7.33
n20w140.005.txt 275.0 275.0 0.0 8.33
n40w120.001.txt 470.0 470.0 0.0 42.95
rc201.3 722.4343 722.4343 0.0 1.62
n100w120.004.txt 923.0 923.0 0.0 262.32
n20w100.001.txt 309.0 309.0 0.0 4.8
N20ft302.dat 703.0 703.0 0.0 0.06
N60ft205.dat 1215.5 1215.5 0.0 0.07
n40w20.002.txt 607.0 607.0 0.0 2.21
n150w160.003.txt 934.0 934.0 0.0 2623.29
rc_206.3.txt 650.5942000000001 650.5942000000001 0.0 22.4
n20w60.004.txt 337.0 337.0 0.0 3.11
N40ft402.dat 1016.4000000000001 1016.4000000000001 0.0 0.06
n60w20.002.txt 656.0 656.0 0.0 4.56
n20w160.004.txt 287.0 287.0 0.0 7.85
N20ft310.dat 693.8000000000001 693.8000000000001 0.0 0.06
n100w120.003.txt 909.0 909.0 0.0 193.51
n60w200.004.txt 575.0 575.0 0.0 286.27
n80w200.003.txt 679.0 679.0 0.0 548.18
N60ft401.dat 1375.4 1375.4 0.0 6.22
n80w20.002.txt 798.0 798.0 0.0 23.83
n60w100.003.txt 610.0 610.0 0.0 51.91
n150w140.001.txt 1008.0 1008.0 0.0 462.98
n150w120.001.txt 972.0 972.0 0.0 1164.11
rbg010a.tw 3840.0 3840.0 0.0 0.1
n20w20.005.txt 365.0 365.0 0.0 0.07
N60ft309.dat 1242.8 1242.8 0.0 3.51
n150w120.004.txt 925.0 929.0 0.43 1341.1
n60w180.003.txt 606.0 606.0 0.0 100.03
n60w100.004.txt 625.0 625.0 0.0 56.84
N20ft304.dat 817.0 817.0 0.0 0.06
n200w40.002.txt 1137.0 9.223372036854776e18 100.0 308.48
N40ft405.dat 982.6 982.6 0.0 1.1
n100w60.001.txt 824.0 824.0 0.0 128.02
n100w140.001.txt 1008.0 1008.0 0.0 275.39
n100w140.004.txt 854.0 854.0 0.0 264.06
rc201.2 883.9654999999999 883.9654999999999 0.0 4.7
n100w20.002.txt 801.0 801.0 0.0 27.68
n150w20.002.txt 967.0 967.0 0.0 95.51
n20w180.005.txt 257.0 257.0 0.0 9.46
n150w20.001.txt 1034.0 1034.0 0.0 95.9
n80w40.001.txt 743.0 743.0 0.0 76.57
rbg152.3.tw 17455.0 17455.0 0.0 708.13
N60ft407.dat 1296.3999999999999 1296.3999999999999 0.0 4.46
n150w20.004.txt 975.0 975.0 0.0 113.7
N40ft201.dat 1109.2999999999997 1109.2999999999997 0.0 0.06
n80w20.005.txt 793.0 793.0 0.0 16.04
N20ft409.dat 749.8 749.8 0.0 0.06
rc_206.1.txt 117.8479 117.8479 0.0 0.06
n80w160.002.txt 652.0 665.0 1.95 1221.8
rbg016b.tw 2094.0 2094.0 0.0 1.79
n80w200.004.txt 660.0 671.0 1.6400000000000001 1687.82
rbg035a.2.tw 3325.0 3325.0 0.0 31.96
n200w40.003.txt 1134.0 1134.0 0.0 383.87
n150w20.005.txt 957.0 957.0 0.0 172.32
n20w40.002.txt 357.0 357.0 0.0 0.07
n20w80.004.txt 345.0 345.0 0.0 1.84
rc_207.4.txt 133.1421 133.1421 0.0 0.09
