n20w80.001.txt 329.0 329.0 0.0 1.37
rbg132.tw 8468.0 8468.0 0.0 549.16
n100w140.005.txt 346.0 509.0 32.019999999999996 2133.75
n200w40.001.txt 638.0 1023.0 37.63 3485.83
n20w180.003.txt 271.0 271.0 0.0 9.7
N40ft204.dat 885.8 885.8 0.0 0.27
n60w80.004.txt 566.0 566.0 0.0 178.19
N20ft303.dat 746.4 746.4 0.0 0.18
n150w140.005.txt 197.0 663.0 70.28999999999999 2259.21
N60ft210.dat 1234.3 1234.3 0.0 0.62
n40w160.002.txt 337.0 337.0 0.0 115.75
n20w120.005.txt 240.0 240.0 0.0 8.52
rc_202.1.txt 771.7760000000001 771.7760000000001 0.0 556.81
n20w60.003.txt 352.0 352.0 0.0 0.22
rc_201.4.txt 793.6351999999999 793.6351999999999 0.0 0.27
n40w200.004.txt 229.0 301.0 23.919999999999998 2943.3
rc_202.3.txt 837.7191999999999 837.7191999999999 0.0 8.67
rbg020a.tw 4689.0 4689.0 0.0 0.23
n20w120.004.txt 300.0 300.0 0.0 5.67
n150w40.002.txt 803.0 941.0 14.67 1731.87
n60w80.002.txt 498.0 498.0 0.0 146.75
n20w160.001.txt 241.0 241.0 0.0 5.58
rc204.1 485.36749999999995 485.36749999999995 0.0 101.42
rc208.0 757.4377 820.56 7.6899999999999995 3602.88
n60w140.003.txt 369.0 427.0 13.58 3500.29
n60w20.003.txt 533.0 533.0 0.0 1.23
n100w40.003.txt 736.0 736.0 0.0 341.37
N20ft405.dat 716.5 716.5 0.0 0.2
rbg172a.tw 10082.0 10950.0 7.93 3068.71
rbg201a.tw 11753.0 12948.0 9.229999999999999 3572.39
n60w80.005.txt 468.0 468.0 0.0 363.03
n60w200.003.txt 321.0 455.0 29.45 3561.18
N60ft301.dat 1337.0 1337.0 0.0 1.46
rc203.2 617.46 617.46 0.0 20.88
rc204.0 541.4485 541.4485 0.0 1560.34
n20w80.003.txt 320.0 320.0 0.0 0.41
n80w20.001.txt 616.0 616.0 0.0 31.87
rbg019c.tw 4536.0 4536.0 0.0 3.64
n80w160.004.txt 252.0 509.0 50.49 3223.84
N60ft304.dat 1230.0 1230.0 0.0 3.07
rc_204.1.txt 794.1502 878.64 9.62 3571.06
n150w20.003.txt 834.0 834.0 0.0 305.72
n100w40.005.txt 699.0 699.0 0.0 455.31
n200w120.001.txt 312.0 799.0 60.95 1826.07
n20w160.005.txt 245.0 245.0 0.0 8.35
rc_208.3.txt 550.1536 634.44 13.29 3590.61
n20w60.005.txt 338.0 338.0 0.0 0.22
n20w80.005.txt 264.0 264.0 0.0 4.24
n80w100.001.txt 432.0 565.0 23.54 2278.4
n80w200.001.txt 150.0 490.0 69.39 424.37
N40ft202.dat 1010.4 1010.4 0.0 0.24
rbg021.9.tw 1039.0 4478.0 76.8 3359.26
n40w80.004.txt 417.0 417.0 0.0 28.22
n20w140.002.txt 272.0 272.0 0.0 7.76
n60w140.001.txt 332.0 423.0 21.51 2611.2
N20ft301.dat 661.6 661.6 0.0 0.18
rbg021.tw 4536.0 4536.0 0.0 2.81
N20ft306.dat 727.8 727.8 0.0 0.18
rbg021.5.tw 4515.0 4515.0 0.0 12.88
rbg055a.tw 3761.0 3761.0 0.0 121.22
n200w120.003.txt 336.0 880.0 61.82 781.28
n20w120.001.txt 267.0 267.0 0.0 7.09
rc_202.4.txt 793.0296 793.0296 0.0 73.79
rbg021.8.tw 1041.0 4478.0 76.75 3576.54
n80w180.002.txt 239.0 479.0 50.1 3100.78
n40w60.003.txt 408.0 408.0 0.0 13.27
N60ft201.dat 1353.5 1353.5 0.0 0.48
n80w140.002.txt 347.0 470.0 26.169999999999998 3126.12
n100w60.004.txt 656.0 764.0 14.14 2117.15
n100w160.003.txt 302.0 495.0 38.99 2968.79
n80w120.003.txt 368.0 540.0 31.85 2807.5
rbg092a.tw 7158.0 7158.0 0.0 288.02
n40w20.003.txt 478.0 478.0 0.0 0.34
n80w40.004.txt 557.0 557.0 0.0 112.15
n150w60.002.txt 529.0 782.0 32.35 3508.22
n60w20.001.txt 551.0 551.0 0.0 2.46
rc202.2 611.77 611.77 0.0 9.32
rc201.1 654.7 654.7 0.0 2.56
n20w40.003.txt 317.0 317.0 0.0 0.19
N40ft408.dat 1002.6999999999998 1002.6999999999998 0.0 0.36
n20w100.002.txt 222.0 222.0 0.0 4.97
rbg067a.tw 4625.0 4625.0 0.0 158.26
N60ft409.dat 1121.4 1121.4 0.0 1.07
n20w60.002.txt 244.0 244.0 0.0 0.21
n40w100.004.txt 357.0 357.0 0.0 58.87
n200w40.005.txt 607.0 1037.0 41.47 3168.05
n150w160.004.txt 344.0 672.0 48.809999999999995 3208.26
n80w60.003.txt 651.0 651.0 0.0 404.65
N60ft302.dat 1089.5 1089.5 0.0 1.03
N60ft406.dat 1140.1999999999996 1140.1999999999996 0.0 7.23
N60ft207.dat 1299.0 1299.0 0.0 0.43
rbg021.3.tw 4528.0 4528.0 0.0 7.8
n200w20.003.txt 1050.0 1050.0 0.0 1523.48
rbg050b.tw 9713.0 9863.0 1.52 3471.06
rbg086a.tw 8400.0 8400.0 0.0 132.49
n100w40.001.txt 770.0 770.0 0.0 129.09
n60w40.005.txt 539.0 539.0 0.0 15.14
n20w100.004.txt 349.0 349.0 0.0 0.7
n100w40.004.txt 651.0 651.0 0.0 406.68
rbg152.tw 10032.0 10032.0 0.0 1011.24
n100w80.001.txt 591.0 670.0 11.790000000000001 2730.73
rc_204.2.txt 526.7233399999999 662.16 20.45 3596.61
n80w140.004.txt 262.0 423.0 38.06 2163.19
n40w80.002.txt 431.0 431.0 0.0 52.11
n60w100.002.txt 538.0 538.0 0.0 453.45
n60w120.002.txt 370.0 427.0 13.350000000000001 2403.87
n20w40.001.txt 254.0 254.0 0.0 0.31
N60ft402.dat 1088.1 1088.1 0.0 3.29
n150w40.004.txt 678.0 764.0 11.26 2824.29
n100w120.001.txt 405.0 629.0 35.61 2845.27
rbg042a.tw 2772.0 2772.0 0.0 88.88
rbg033a.tw 2069.0 2069.0 0.0 18.26
n100w80.003.txt 480.0 691.0 30.54 2251.51
n60w40.004.txt 597.0 597.0 0.0 11.06
n40w140.005.txt 371.0 371.0 0.0 289.28
rc_207.3.txt 682.4 682.4 0.0 596.7
rc206.0 835.23 835.23 0.0 30.81
n40w80.003.txt 412.0 412.0 0.0 20.84
rc_201.3.txt 790.6069 790.6069 0.0 3.12
n100w20.005.txt 774.0 774.0 0.0 35.66
n80w180.004.txt 277.0 479.0 42.17 2405.6
n150w60.005.txt 570.0 840.0 32.14 3270.41
n80w60.004.txt 619.0 619.0 0.0 220.47
rbg017a.tw 4296.0 4296.0 0.0 0.22
n150w40.005.txt 566.0 824.0 31.31 3516.08
N20ft307.dat 691.8 691.8 0.0 0.2
N60ft310.dat 1219.2 1219.2 0.0 5.55
rc208.2 503.92 503.92 0.0 19.23
N40ft404.dat 868.0 868.0 0.0 0.32
n80w20.004.txt 615.0 615.0 0.0 32.25
rbg233.tw 12988.0 14992.0 13.370000000000001 3560.71
rbg035a.tw 2144.0 2144.0 0.0 28.45
n100w20.004.txt 799.0 799.0 0.0 28.0
n60w120.003.txt 306.0 407.0 24.82 3324.5
N60ft405.dat 1146.2 1146.2 0.0 0.9
N20ft407.dat 691.8 691.8 0.0 0.19
rbg021.2.tw 4528.0 4528.0 0.0 5.45
rc_203.1.txt 453.48 453.48 0.0 6.52
n40w100.001.txt 429.0 429.0 0.0 68.84
rbg193.tw 11958.0 12535.0 4.6 3600.51
n60w200.002.txt 253.0 414.0 38.89 3266.69
rc_205.1.txt 343.20949999999993 343.20949999999993 0.0 0.32
n40w60.002.txt 470.0 470.0 0.0 15.0
n200w120.005.txt 371.0 841.0 55.88999999999999 3826.55
N60ft408.dat 1029.3999999999999 1029.3999999999999 0.0 1.23
n60w200.001.txt 298.0 410.0 27.32 2947.17
n60w40.003.txt 603.0 603.0 0.0 41.32
N40ft407.dat 831.1999999999998 831.1999999999998 0.0 1.57
n100w160.001.txt 416.0 582.0 28.52 3308.27
rc_201.1.txt 444.54 444.54 0.0 1.31
n150w60.004.txt 574.0 819.0 29.909999999999997 3489.95
n40w20.004.txt 404.0 404.0 0.0 0.34
rbg019a.tw 1262.0 1262.0 0.0 0.19
n60w120.001.txt 274.0 384.0 28.65 2208.46
N60ft206.dat 1199.6 1199.6 0.0 0.54
n60w180.002.txt 305.0 399.0 23.56 2772.21
n80w180.003.txt 368.0 524.0 29.770000000000003 1891.03
rc_205.2.txt 755.9257 755.9257 0.0 8.16
N60ft303.dat 1179.0 1179.0 0.0 0.59
n200w20.002.txt 972.0 972.0 0.0 614.2
n40w180.002.txt 347.0 347.0 0.0 652.55
n20w120.003.txt 303.0 303.0 0.0 5.49
N40ft208.dat 1050.7 1050.7 0.0 0.24
rc_207.2.txt 701.25 701.25 0.0 92.84
N20ft308.dat 788.2 788.2 0.0 0.2
n20w20.003.txt 394.0 394.0 0.0 0.18
n20w60.001.txt 335.0 335.0 0.0 1.48
n20w120.002.txt 218.0 218.0 0.0 8.66
n80w100.002.txt 436.0 567.0 23.1 3162.36
n100w140.002.txt 403.0 615.0 34.47 3075.89
N60ft203.dat 1182.9 1182.9 0.0 0.49
n150w60.003.txt 540.0 793.0 31.900000000000002 3171.02
n20w20.004.txt 396.0 396.0 0.0 0.18
n40w160.005.txt 315.0 315.0 0.0 704.93
n80w80.003.txt 500.0 589.0 15.110000000000001 2334.53
N20ft309.dat 730.7 730.7 0.0 0.18
rc208.1 509.04 509.04 0.0 50.02
n20w180.004.txt 201.0 201.0 0.0 7.11
n80w140.005.txt 332.0 545.0 39.08 2359.51
rbg021.4.tw 4525.0 4525.0 0.0 9.71
n60w180.001.txt 234.0 411.0 43.07 3254.13
n200w140.003.txt 252.0 758.0 66.75 3767.97
n20w80.002.txt 338.0 338.0 0.0 1.34
N20ft401.dat 660.8 660.8 0.0 0.2
n40w180.004.txt 283.0 354.0 20.06 3499.46
n60w180.005.txt 274.0 395.0 30.630000000000003 1797.36
rc_208.2.txt 533.7797 533.7797 0.0 37.47
n80w40.003.txt 674.0 674.0 0.0 131.28
n20w200.004.txt 293.0 293.0 0.0 15.47
N40ft410.dat 983.8 983.8 0.0 0.29
n40w140.001.txt 328.0 328.0 0.0 148.2
n40w100.002.txt 358.0 358.0 0.0 73.49
N40ft409.dat 1000.5 1000.5 0.0 0.32
n150w120.002.txt 209.0 677.0 69.13 1687.92
N60ft209.dat 1171.3 1171.3 0.0 0.56
N60ft204.dat 1257.5 1257.5 0.0 0.52
n60w20.005.txt 603.0 603.0 0.0 0.64
n150w140.003.txt 215.0 613.0 64.92999999999999 2402.66
n40w40.004.txt 452.0 452.0 0.0 9.67
n40w40.005.txt 453.0 453.0 0.0 8.88
n60w60.001.txt 609.0 609.0 0.0 71.6
rbg041a.tw 2598.0 2598.0 0.0 81.37
n20w100.005.txt 258.0 258.0 0.0 6.06
n40w60.001.txt 494.0 494.0 0.0 16.4
n100w100.002.txt 477.0 619.0 22.939999999999998 1116.53
n40w140.003.txt 398.0 398.0 0.0 72.96
n60w160.002.txt 326.0 423.0 22.93 3134.35
n80w180.005.txt 264.0 470.0 43.830000000000005 3621.39
rbg034a.tw 2222.0 2222.0 0.0 34.02
n40w40.003.txt 474.0 474.0 0.0 1.86
n40w120.005.txt 350.0 350.0 0.0 62.93
n40w140.004.txt 246.0 342.0 28.07 2593.78
rc_206.4.txt 831.67 831.67 0.0 84.51
n40w200.005.txt 251.0 296.0 15.2 3550.83
n60w160.003.txt 212.0 434.0 51.15 3103.71
n80w60.005.txt 575.0 575.0 0.0 918.69
n100w60.003.txt 620.0 744.0 16.669999999999998 3517.48
n100w20.001.txt 738.0 738.0 0.0 5.06
N20ft402.dat 684.2 684.2 0.0 0.2
n100w60.005.txt 661.0 661.0 0.0 1054.34
n150w40.001.txt 812.0 918.0 11.55 3065.16
n200w140.001.txt 177.0 834.0 78.78 1515.21
n20w180.002.txt 265.0 265.0 0.0 7.46
n60w40.001.txt 591.0 591.0 0.0 35.15
rbg050a.tw 2362.0 2953.0 20.01 3593.19
n100w100.004.txt 485.0 684.0 29.09 3335.32
n80w120.001.txt 362.0 498.0 27.310000000000002 708.96
N60ft202.dat 1161.6 1161.6 0.0 1.13
n200w140.002.txt 180.0 760.0 76.32 1280.94
n100w80.002.txt 549.0 668.0 17.810000000000002 2397.33
rc201.0 628.62 628.62 0.0 2.13
n80w180.001.txt 373.0 551.0 32.300000000000004 2980.4
rbg021.7.tw 1050.0 4479.0 76.55999999999999 3580.41
n60w140.002.txt 400.0 462.0 13.420000000000002 3049.44
n100w60.002.txt 659.0 659.0 0.0 1503.28
n20w40.005.txt 288.0 288.0 0.0 0.2
n200w20.005.txt 1020.0 1020.0 0.0 1059.73
n20w100.003.txt 310.0 310.0 0.0 4.35
rbg016a.tw 938.0 938.0 0.0 0.28
rc205.3 601.24 601.24 0.0 10.06
n40w100.005.txt 377.0 377.0 0.0 52.66
rc_205.3.txt 825.0584999999999 825.0584999999999 0.0 36.06
rc_205.4.txt 760.47 760.47 0.0 9.74
n80w60.001.txt 554.0 554.0 0.0 239.36
rc_203.3.txt 756.3404999999999 817.53 7.48 3606.34
N60ft404.dat 1184.7 1184.7 0.0 0.8
n200w40.004.txt 714.0 980.0 27.139999999999997 3017.22
rbg125a.tw 7936.0 7936.0 0.0 2479.97
n60w100.001.txt 515.0 515.0 0.0 970.51
N40ft210.dat 1026.3 1026.3 0.0 0.28
N60ft208.dat 1112.9999999999998 1112.9999999999998 0.0 0.54
n20w200.002.txt 203.0 203.0 0.0 9.63
rc202.0 496.2189999999999 496.2189999999999 0.0 12.48
rbg049a.tw 9877.0 10018.0 1.41 2500.59
n80w80.004.txt 505.0 594.0 14.979999999999999 3279.64
rbg017.2.tw 852.0 852.0 0.0 4.71
n60w160.004.txt 289.0 401.0 27.93 3397.98
rc_203.2.txt 658.2244 784.16 16.06 3594.63
n100w160.005.txt 327.0 586.0 44.2 2169.53
rc207.1 726.3588000000001 726.3588000000001 0.0 61.84
n200w20.001.txt 1019.0 1019.0 0.0 2898.58
n60w140.005.txt 335.0 460.0 27.169999999999998 3403.19
N20ft408.dat 757.3 757.3 0.0 0.19
n60w80.001.txt 458.0 458.0 0.0 444.94
n80w140.001.txt 347.0 512.0 32.23 3145.97
n150w160.002.txt 286.0 711.0 59.77 2722.36
rbg038a.tw 2480.0 2480.0 0.0 17.41
n20w160.003.txt 201.0 201.0 0.0 5.0
n40w160.003.txt 346.0 346.0 0.0 156.85
n150w40.003.txt 525.0 727.0 27.79 3338.22
n60w20.004.txt 616.0 616.0 0.0 1.77
n20w200.005.txt 227.0 227.0 0.0 7.87
n60w40.002.txt 621.0 621.0 0.0 63.07
n40w180.001.txt 337.0 337.0 0.0 2852.42
n80w100.004.txt 649.0 649.0 0.0 904.33
N40ft207.dat 867.4999999999999 867.4999999999999 0.0 0.27
n150w160.005.txt 320.0 658.0 51.370000000000005 2276.84
n200w120.002.txt 184.0 721.0 74.48 1994.94
n100w100.003.txt 474.0 685.0 30.8 2925.01
n150w160.001.txt 293.0 706.0 58.5 2796.0
n20w160.002.txt 201.0 201.0 0.0 7.81
n80w60.002.txt 633.0 633.0 0.0 562.44
N60ft306.dat 1167.8999999999999 1167.8999999999999 0.0 0.76
n80w120.002.txt 416.0 577.0 27.900000000000002 3532.25
rc_203.4.txt 314.2892999999999 314.2892999999999 0.0 1.69
n40w160.004.txt 288.0 288.0 0.0 292.72
N20ft410.dat 683.0 683.0 0.0 0.19
rbg027a.tw 5091.0 5091.0 0.0 8.34
n40w20.001.txt 500.0 500.0 0.0 0.41
n40w200.001.txt 208.0 330.0 36.97 2889.96
n80w160.001.txt 340.0 506.0 32.81 462.04
rc205.1 491.22 491.22 0.0 9.71
n80w20.003.txt 667.0 667.0 0.0 5.52
rc202.1 426.53 426.53 0.0 10.34
n80w160.005.txt 246.0 439.0 43.96 839.4
n80w100.005.txt 396.0 532.0 25.56 3094.84
n40w120.004.txt 303.0 303.0 0.0 96.98
n150w140.002.txt 416.0 755.0 44.9 3570.44
rbg031a.tw 1863.0 1863.0 0.0 13.51
n200w140.004.txt 284.0 816.0 65.2 1036.76
n40w60.005.txt 328.0 328.0 0.0 11.37
n60w120.005.txt 501.0 547.0 8.41 3342.17
rc_207.1.txt 732.68 732.68 0.0 157.17
rc203.1 726.99 726.99 0.0 200.01
n80w120.005.txt 415.0 591.0 29.78 1357.75
n40w40.001.txt 465.0 465.0 0.0 0.61
n100w140.003.txt 229.0 481.0 52.39 2917.63
n100w120.005.txt 306.0 537.0 43.02 2181.27
rbg193.2.tw 9755.0 12142.0 19.66 3176.31
n60w100.005.txt 391.0 451.0 13.3 3064.87
N40ft403.dat 845.8 845.8 0.0 0.41
rc_202.2.txt 304.14 304.14 0.0 0.61
n150w120.003.txt 416.0 747.0 44.31 2507.96
rbg019b.tw 1866.0 1866.0 0.0 5.67
rbg050c.tw 9746.0 10024.0 2.77 3510.78
n60w160.005.txt 368.0 502.0 26.69 1532.86
n60w60.003.txt 485.0 485.0 0.0 124.08
N20ft406.dat 727.8 727.8 0.0 0.19
rbg017.tw 893.0 893.0 0.0 2.96
rbg021.6.tw 4480.0 4480.0 0.0 2501.88
n20w200.003.txt 249.0 249.0 0.0 9.4
n200w20.004.txt 984.0 984.0 0.0 3345.67
N60ft307.dat 1220.1 1220.1 0.0 1.24
n20w180.001.txt 253.0 253.0 0.0 5.78
n20w40.004.txt 388.0 388.0 0.0 0.2
n20w200.001.txt 233.0 233.0 0.0 10.08
n60w60.002.txt 566.0 566.0 0.0 91.61
n100w80.004.txt 573.0 700.0 18.14 3547.07
n200w140.005.txt 148.0 822.0 82.0 1217.13
n80w80.001.txt 624.0 624.0 0.0 919.2
n100w20.003.txt 762.0 762.0 0.0 42.79
N20ft404.dat 817.0 817.0 0.0 0.18
n100w40.002.txt 653.0 653.0 0.0 455.42
N40ft203.dat 876.8 876.8 0.0 0.24
n40w20.005.txt 499.0 499.0 0.0 0.29
rbg132.2.tw 6695.0 8192.0 18.27 3577.13
rbg048a.tw 9013.0 9383.0 3.94 3420.16
n40w200.002.txt 303.0 303.0 0.0 417.75
N20ft403.dat 746.4 746.4 0.0 0.18
n60w120.004.txt 425.0 490.0 13.270000000000001 3097.17
rc207.2 546.4050999999998 546.4050999999998 0.0 33.82
n80w100.003.txt 423.0 580.0 27.07 3043.36
n60w60.005.txt 569.0 569.0 0.0 71.14
n40w120.002.txt 445.0 445.0 0.0 97.37
n100w160.004.txt 392.0 580.0 32.41 3429.34
rc_201.2.txt 711.5373999999998 711.5373999999998 0.0 1.07
rc206.1 664.73 664.73 0.0 25.98
N40ft401.dat 1084.9999999999998 1084.9999999999998 0.0 0.79
n60w180.004.txt 272.0 456.0 40.35 3153.76
N40ft205.dat 940.9 940.9 0.0 0.28
n40w120.003.txt 357.0 357.0 0.0 1338.21
n60w200.005.txt 292.0 427.0 31.619999999999997 1774.17
rc206.2 655.37 655.37 0.0 29.53
n150w60.001.txt 635.0 859.0 26.08 3360.2
n80w80.002.txt 506.0 592.0 14.530000000000001 3186.2
n60w160.001.txt 457.0 560.0 18.39 2253.59
n40w80.005.txt 344.0 344.0 0.0 47.72
rc_206.2.txt 828.0591000000001 828.0591000000001 0.0 68.91
n20w20.002.txt 286.0 286.0 0.0 0.18
rbg233.2.tw 11634.0 14495.0 19.74 2782.15
n80w200.002.txt 271.0 488.0 44.47 3074.87
n20w20.001.txt 378.0 378.0 0.0 0.18
N60ft305.dat 1151.6 1151.6 0.0 0.73
n80w160.003.txt 307.0 521.0 41.07 2964.83
N60ft410.dat 1189.6 1189.6 0.0 7.72
n100w100.005.txt 367.0 572.0 35.839999999999996 2217.18
n60w60.004.txt 571.0 571.0 0.0 84.95
rc_204.3.txt 455.03 455.03 0.0 139.37
rc_208.1.txt 789.24794 789.24794 0.0 2511.58
rc203.0 608.2449 727.45 16.39 3590.11
n80w140.003.txt 295.0 580.0 49.14 2986.48
rc202.3 627.8457999999999 627.8457999999999 0.0 13.18
n40w140.002.txt 383.0 383.0 0.0 2677.04
rc205.0 511.6493 511.6493 0.0 9.86
n150w120.005.txt 274.0 689.0 60.23 3617.21
N60ft308.dat 1097.5999999999997 1097.5999999999997 0.0 0.72
rbg040a.tw 2378.0 2378.0 0.0 36.71
n100w80.005.txt 427.0 603.0 29.189999999999998 3001.4
N40ft209.dat 1013.9 1013.9 0.0 0.29
n80w200.005.txt 235.0 439.0 46.47 549.96
n40w200.003.txt 305.0 339.0 10.03 3592.49
N60ft403.dat 1173.7 1173.7 0.0 1.71
n40w100.003.txt 364.0 364.0 0.0 50.69
n40w180.005.txt 238.0 335.0 28.96 3043.55
n40w40.002.txt 461.0 461.0 0.0 10.02
rc204.2 685.2234 778.4 11.97 3533.37
rc207.0 806.6888000000001 806.6888000000001 0.0 62.17
rbg019d.tw 1356.0 1356.0 0.0 0.37
n40w160.001.txt 348.0 348.0 0.0 159.9
N40ft206.dat 1054.2 1054.2 0.0 0.27
n200w120.004.txt 291.0 777.0 62.55 1280.52
n100w100.001.txt 467.0 643.0 27.37 3296.54
n40w80.001.txt 395.0 395.0 0.0 21.92
n80w40.005.txt 695.0 695.0 0.0 126.17
n100w160.002.txt 286.0 532.0 46.239999999999995 2263.47
n150w140.004.txt 391.0 676.0 42.16 3131.13
N40ft406.dat 969.0999999999998 969.0999999999998 0.0 0.32
n40w180.003.txt 192.0 279.0 31.180000000000003 2672.2
n80w40.002.txt 618.0 618.0 0.0 132.07
n60w140.004.txt 394.0 488.0 19.259999999999998 3096.96
n20w140.003.txt 236.0 236.0 0.0 6.43
n100w120.002.txt 279.0 540.0 48.33 2922.61
n40w60.004.txt 382.0 382.0 0.0 51.3
n20w140.004.txt 255.0 255.0 0.0 6.01
n80w120.004.txt 301.0 501.0 39.92 2883.77
N20ft305.dat 716.5 716.5 0.0 0.2
rc205.2 714.69 714.69 0.0 11.57
n80w80.005.txt 570.0 570.0 0.0 348.52
n60w80.003.txt 550.0 550.0 0.0 129.27
n20w140.001.txt 176.0 176.0 0.0 6.26
n20w140.005.txt 225.0 225.0 0.0 6.15
n40w120.001.txt 434.0 434.0 0.0 83.12
rc201.3 422.54 422.54 0.0 0.73
n100w120.004.txt 383.0 663.0 42.230000000000004 2118.32
n20w100.001.txt 237.0 237.0 0.0 4.32
N20ft302.dat 684.2 684.2 0.0 0.18
N60ft205.dat 1184.1 1184.1 0.0 0.5
n40w20.002.txt 552.0 552.0 0.0 0.54
n150w160.003.txt 170.0 608.0 72.04 2484.89
rc_206.3.txt 574.4181 574.4181 0.0 12.96
n20w60.004.txt 280.0 280.0 0.0 3.67
N40ft402.dat 995.5999999999999 995.5999999999999 0.0 0.34
n60w20.002.txt 605.0 605.0 0.0 1.78
n20w160.004.txt 203.0 203.0 0.0 8.33
N20ft310.dat 683.0 683.0 0.0 0.18
n100w120.003.txt 451.0 617.0 26.900000000000002 3113.36
n60w200.004.txt 347.0 431.0 19.49 2665.77
n80w200.003.txt 194.0 464.0 58.19 540.52
N60ft401.dat 1335.0 1335.0 0.0 3.18
n80w20.002.txt 737.0 737.0 0.0 20.49
n60w100.003.txt 560.0 560.0 0.0 397.47
n150w140.001.txt 394.0 762.0 48.29 1402.82
n150w120.001.txt 324.0 734.0 55.86 1954.33
rbg010a.tw 671.0 671.0 0.0 0.26
n20w20.005.txt 352.0 352.0 0.0 0.26
N60ft309.dat 1140.6 1140.6 0.0 0.74
n150w120.004.txt 381.0 763.0 50.07 1801.98
n60w180.003.txt 314.0 445.0 29.439999999999998 2320.65
n60w100.004.txt 510.0 510.0 0.0 313.67
N20ft304.dat 817.0 817.0 0.0 0.18
n200w40.002.txt 605.0 948.0 36.18 3526.45
N40ft405.dat 936.5 936.5 0.0 0.38
n100w60.001.txt 602.0 655.0 8.09 1769.48
n100w140.001.txt 393.0 604.0 34.93 1687.91
n100w140.004.txt 343.0 533.0 35.65 3192.14
rc201.2 707.6469999999998 707.65 0.0 1.63
n100w20.002.txt 715.0 715.0 0.0 30.67
n150w20.002.txt 864.0 864.0 0.0 126.45
n20w180.005.txt 193.0 193.0 0.0 8.59
n150w20.001.txt 925.0 925.0 0.0 248.27
n80w40.001.txt 606.0 606.0 0.0 245.9
rbg152.3.tw 7240.0 9788.0 26.029999999999998 3650.04
N60ft407.dat 1198.9 1198.9 0.0 3.11
n150w20.004.txt 873.0 873.0 0.0 304.33
N40ft201.dat 1100.6 1100.6 0.0 0.31
n80w20.005.txt 748.0 748.0 0.0 10.52
N20ft409.dat 730.7 730.7 0.0 0.18
rc_206.1.txt 117.8479 117.8479 0.0 0.2
n80w160.002.txt 197.0 549.0 64.12 2651.07
rbg016b.tw 1304.0 1304.0 0.0 4.43
n80w200.004.txt 292.0 526.0 44.49 3502.56
rbg035a.2.tw 1838.0 2056.0 10.6 3524.07
n200w40.003.txt 568.0 933.0 39.12 3485.2
n150w20.005.txt 846.0 846.0 0.0 452.06
n20w40.002.txt 333.0 333.0 0.0 0.24
n20w80.004.txt 304.0 304.0 0.0 0.9
rc_207.4.txt 119.6388 119.6388 0.0 0.2
