n20w80.001.txt 329.0 329.0 0.0 2.0
rbg132.tw 8449.0 8530.0 0.95 1740.44
n100w140.005.txt 346.0 571.0 39.4 1983.87
n200w40.001.txt 643.0 1038.0 38.05 3323.77
n20w180.003.txt 271.0 271.0 0.0 18.3
N40ft204.dat 885.8000000000001 885.8000000000001 0.0 0.07
n60w80.004.txt 566.0 566.0 0.0 207.43
N20ft303.dat 746.4 746.4 0.0 0.06
n150w140.005.txt 197.0 750.0 73.72999999999999 2929.67
N60ft210.dat 1234.3000000000002 1234.3000000000002 0.0 2.35
n40w160.002.txt 337.0 337.0 0.0 127.84
n20w120.005.txt 240.0 240.0 0.0 12.67
rc_202.1.txt 771.7760000000001 771.7760000000001 0.0 577.89
n20w60.003.txt 352.0 352.0 0.0 0.1
rc_201.4.txt 793.6351999999999 793.6351999999999 0.0 0.27
n40w200.004.txt 232.0 301.0 22.919999999999998 3412.36
rc_202.3.txt 837.7191999999999 837.7191999999999 0.0 9.66
rbg020a.tw 4689.0 4689.0 0.0 0.22
n20w120.004.txt 300.0 300.0 0.0 9.41
n150w40.002.txt 804.0 945.0 14.92 3275.98
n60w80.002.txt 498.0 498.0 0.0 147.4
n20w160.001.txt 241.0 241.0 0.0 14.81
rc204.1 485.36749999999995 485.36749999999995 0.0 184.27
rc208.0 728.3468999999999 837.6565 13.05 3583.33
n60w140.003.txt 364.0 448.0 18.75 3487.68
n60w20.003.txt 533.0 533.0 0.0 6.45
n100w40.003.txt 736.0 736.0 0.0 390.53
N20ft405.dat 716.5 716.5 0.0 0.07
rbg172a.tw 10082.0 11172.0 9.76 3031.94
rbg201a.tw 11528.0 13240.0 12.93 3489.13
n60w80.005.txt 468.0 468.0 0.0 363.2
n60w200.003.txt 319.0 471.0 32.269999999999996 3399.09
N60ft301.dat 1337.0000000000002 1337.0000000000002 0.0 0.67
rc203.2 617.4649999999998 617.4649999999998 0.0 42.21
rc204.0 495.85169999999994 551.5563 10.100000000000001 3598.41
n20w80.003.txt 320.0 320.0 0.0 0.74
n80w20.001.txt 616.0 616.0 0.0 58.66
rbg019c.tw 4536.0 4536.0 0.0 2.91
n80w160.004.txt 252.0 575.0 56.169999999999995 3379.53
N60ft304.dat 1230.0000000000002 1230.0000000000002 0.0 6.64
rc_204.1.txt 791.4547 889.5348700000001 11.03 3556.94
n150w20.003.txt 834.0 834.0 0.0 410.38
n100w40.005.txt 699.0 699.0 0.0 518.71
n200w120.001.txt 312.0 910.0 65.71000000000001 1419.54
n20w160.005.txt 245.0 245.0 0.0 13.27
rc_208.3.txt 549.1708 670.5572000000001 18.099999999999998 3562.24
n20w60.005.txt 338.0 338.0 0.0 0.62
n20w80.005.txt 264.0 264.0 0.0 8.19
n80w100.001.txt 433.0 580.0 25.34 3313.09
n80w200.001.txt 150.0 555.0 72.97 545.14
N40ft202.dat 1010.4 1010.4 0.0 0.08
rbg021.9.tw 1037.0 4480.0 76.85 3347.52
n40w80.004.txt 417.0 417.0 0.0 33.35
n20w140.002.txt 272.0 272.0 0.0 11.35
n60w140.001.txt 331.0 425.0 22.12 3489.22
N20ft301.dat 661.6000000000001 661.6000000000001 0.0 0.06
rbg021.tw 4536.0 4536.0 0.0 3.11
N20ft306.dat 727.8000000000001 727.8000000000001 0.0 0.06
rbg021.5.tw 4515.0 4515.0 0.0 25.13
rbg055a.tw 3761.0 3761.0 0.0 405.98
n200w120.003.txt 336.0 983.0 65.82000000000001 985.6
n20w120.001.txt 267.0 267.0 0.0 14.18
rc_202.4.txt 793.0296 793.0296 0.0 108.08
rbg021.8.tw 1042.0 4480.0 76.74 3320.54
n80w180.002.txt 239.0 532.0 55.08 3103.24
n40w60.003.txt 408.0 408.0 0.0 21.72
N60ft201.dat 1353.5 1353.5 0.0 0.11
n80w140.002.txt 346.0 528.0 34.47 2700.31
n100w60.004.txt 657.0 9.223372036854776e18 100.0 3528.75
n100w160.003.txt 301.0 551.0 45.37 2008.95
n80w120.003.txt 361.0 558.0 35.3 2837.8
rbg092a.tw 7158.0 7158.0 0.0 1917.74
n40w20.003.txt 478.0 478.0 0.0 1.11
n80w40.004.txt 557.0 557.0 0.0 115.15
n150w60.002.txt 530.0 829.0 36.07 3296.26
n60w20.001.txt 551.0 551.0 0.0 6.33
rc202.2 611.7734999999999 611.7734999999999 0.0 19.53
rc201.1 654.7000999999999 654.7000999999999 0.0 3.97
n20w40.003.txt 317.0 317.0 0.0 0.07
N40ft408.dat 1002.6999999999998 1002.6999999999998 0.0 0.32
n20w100.002.txt 222.0 222.0 0.0 10.21
rbg067a.tw 4625.0 4625.0 0.0 634.69
N60ft409.dat 1121.3999999999999 1121.3999999999999 0.0 8.25
n20w60.002.txt 244.0 244.0 0.0 0.56
n40w100.004.txt 357.0 357.0 0.0 66.54
n200w40.005.txt 659.0 1056.0 37.59 3416.7
n150w160.004.txt 336.0 749.0 55.14 2739.22
n80w60.003.txt 651.0 651.0 0.0 421.1
N60ft302.dat 1089.5 1089.5 0.0 4.4
N60ft406.dat 1140.1999999999996 1140.1999999999996 0.0 17.09
N60ft207.dat 1298.9999999999998 1298.9999999999998 0.0 0.07
rbg021.3.tw 4528.0 4528.0 0.0 15.74
n200w20.003.txt 1050.0 1050.0 0.0 1330.33
rbg050b.tw 9711.0 9876.0 1.67 3033.37
rbg086a.tw 8400.0 8400.0 0.0 254.47
n100w40.001.txt 770.0 770.0 0.0 178.71
n60w40.005.txt 539.0 539.0 0.0 28.22
n20w100.004.txt 349.0 349.0 0.0 2.56
n100w40.004.txt 651.0 651.0 0.0 500.63
rbg152.tw 10024.0 10086.0 0.61 3484.55
n100w80.001.txt 591.0 683.0 13.469999999999999 2688.38
rc_204.2.txt 525.6878999999999 664.52484 20.89 3565.91
n80w140.004.txt 262.0 449.0 41.65 3000.2
n40w80.002.txt 431.0 431.0 0.0 59.08
n60w100.002.txt 538.0 538.0 0.0 456.89
n60w120.002.txt 371.0 435.0 14.71 3401.39
n20w40.001.txt 254.0 254.0 0.0 0.12
N60ft402.dat 1088.1 1088.1 0.0 9.7
n150w40.004.txt 678.0 782.0 13.3 2821.69
n100w120.001.txt 405.0 639.0 36.620000000000005 2452.44
rbg042a.tw 2772.0 2772.0 0.0 154.46
rbg033a.tw 2069.0 2069.0 0.0 33.44
n100w80.003.txt 480.0 691.0 30.54 3064.84
n60w40.004.txt 597.0 597.0 0.0 22.87
n40w140.005.txt 371.0 371.0 0.0 471.26
rc_207.3.txt 682.4043 682.4043 0.0 1054.62
rc206.0 835.2323000000001 835.2323000000001 0.0 49.27
n40w80.003.txt 412.0 412.0 0.0 28.76
rc_201.3.txt 790.6069 790.6069 0.0 7.28
n100w20.005.txt 774.0 774.0 0.0 45.66
n80w180.004.txt 277.0 504.0 45.04 2257.78
n150w60.005.txt 581.0 849.0 31.569999999999997 3390.06
n80w60.004.txt 619.0 619.0 0.0 319.16
rbg017a.tw 4296.0 4296.0 0.0 0.28
n150w40.005.txt 585.0 9.223372036854776e18 100.0 2814.36
N20ft307.dat 691.7999999999998 691.7999999999998 0.0 0.08
N60ft310.dat 1219.2000000000003 1219.2000000000003 0.0 12.93
rc208.2 503.92279999999994 503.92279999999994 0.0 280.49
N40ft404.dat 868.0 868.0 0.0 0.22
n80w20.004.txt 615.0 615.0 0.0 41.62
rbg233.tw 13355.0 15330.0 12.879999999999999 2897.51
rbg035a.tw 2144.0 2144.0 0.0 44.8
n100w20.004.txt 799.0 799.0 0.0 51.93
n60w120.003.txt 304.0 438.0 30.59 3066.48
N60ft405.dat 1146.2000000000003 1146.2000000000003 0.0 3.3
N20ft407.dat 691.7999999999998 691.7999999999998 0.0 0.08
rbg021.2.tw 4528.0 4528.0 0.0 10.08
rc_203.1.txt 453.48209999999995 453.48209999999995 0.0 10.84
n40w100.001.txt 429.0 429.0 0.0 67.7
rbg193.tw 11994.0 12781.0 6.16 3611.97
n60w200.002.txt 251.0 431.0 41.760000000000005 2291.86
rc_205.1.txt 343.20949999999993 343.20949999999993 0.0 0.35
n40w60.002.txt 470.0 470.0 0.0 24.24
n200w120.005.txt 258.0 960.0 73.11999999999999 1763.6
N60ft408.dat 1029.3999999999999 1029.3999999999999 0.0 7.47
n60w200.001.txt 297.0 437.0 32.04 1825.46
n60w40.003.txt 603.0 603.0 0.0 51.21
N40ft407.dat 831.1999999999998 831.1999999999998 0.0 0.54
n100w160.001.txt 415.0 614.0 32.41 1489.41
rc_201.1.txt 444.5425 444.5425 0.0 0.74
n150w60.004.txt 578.0 9.223372036854776e18 100.0 2948.29
n40w20.004.txt 404.0 404.0 0.0 1.19
rbg019a.tw 1262.0 1262.0 0.0 0.21
n60w120.001.txt 274.0 396.0 30.81 3244.22
N60ft206.dat 1199.6 1199.6 0.0 0.34
n60w180.002.txt 305.0 412.0 25.97 2278.76
n80w180.003.txt 368.0 575.0 36.0 1965.44
rc_205.2.txt 755.9257 755.9257 0.0 9.24
N60ft303.dat 1179.0 1179.0 0.0 0.2
n200w20.002.txt 971.0 1000.0 2.9000000000000004 3625.35
n40w180.002.txt 347.0 347.0 0.0 689.55
n20w120.003.txt 303.0 303.0 0.0 11.09
N40ft208.dat 1050.7 1050.7 0.0 0.08
rc_207.2.txt 701.25114 701.25114 0.0 1690.43
N20ft308.dat 788.1999999999999 788.1999999999999 0.0 0.06
n20w20.003.txt 394.0 394.0 0.0 0.07
n20w60.001.txt 335.0 335.0 0.0 2.22
n20w120.002.txt 218.0 218.0 0.0 13.27
n80w100.002.txt 439.0 9.223372036854776e18 100.0 3134.1
n100w140.002.txt 403.0 650.0 38.0 2720.33
N60ft203.dat 1182.8999999999999 1182.8999999999999 0.0 0.1
n150w60.003.txt 541.0 825.0 34.42 3156.32
n20w20.004.txt 396.0 396.0 0.0 0.06
n40w160.005.txt 315.0 315.0 0.0 1389.91
n80w80.003.txt 500.0 598.0 16.39 2299.08
N20ft309.dat 730.6999999999999 730.6999999999999 0.0 0.06
rc208.1 509.04059999999987 509.04059999999987 0.0 309.35
n20w180.004.txt 201.0 201.0 0.0 17.58
n80w140.005.txt 332.0 555.0 40.18 2813.82
rbg021.4.tw 4525.0 4525.0 0.0 25.67
n60w180.001.txt 234.0 460.0 49.13 3071.04
n200w140.003.txt 241.0 897.0 73.13 2177.61
n20w80.002.txt 338.0 338.0 0.0 1.27
N20ft401.dat 660.8000000000001 660.8000000000001 0.0 0.06
n40w180.004.txt 280.0 359.0 22.009999999999998 3439.55
n60w180.005.txt 274.0 409.0 33.01 2033.46
rc_208.2.txt 533.7797 533.7797 0.0 835.29
n80w40.003.txt 674.0 674.0 0.0 109.76
n20w200.004.txt 293.0 293.0 0.0 27.97
N40ft410.dat 983.8 983.8 0.0 0.08
n40w140.001.txt 328.0 328.0 0.0 196.16
n40w100.002.txt 358.0 358.0 0.0 84.97
N40ft409.dat 1000.5 1000.5 0.0 0.1
n150w120.002.txt 209.0 717.0 70.85000000000001 2036.31
N60ft209.dat 1171.3 1171.3 0.0 0.18
N60ft204.dat 1257.5000000000002 1257.5000000000002 0.0 0.08
n60w20.005.txt 603.0 603.0 0.0 4.11
n150w140.003.txt 215.0 738.0 70.87 2608.48
n40w40.004.txt 452.0 452.0 0.0 13.72
n40w40.005.txt 453.0 453.0 0.0 20.16
n60w60.001.txt 609.0 609.0 0.0 77.16
rbg041a.tw 2598.0 2598.0 0.0 109.23
n20w100.005.txt 258.0 258.0 0.0 10.4
n40w60.001.txt 494.0 494.0 0.0 15.85
n100w100.002.txt 480.0 629.0 23.69 3487.91
n40w140.003.txt 398.0 398.0 0.0 125.13
n60w160.002.txt 325.0 431.0 24.59 3201.51
n80w180.005.txt 263.0 486.0 45.879999999999995 2820.69
rbg034a.tw 2222.0 2222.0 0.0 83.72
n40w40.003.txt 474.0 474.0 0.0 4.11
n40w120.005.txt 350.0 350.0 0.0 80.86
n40w140.004.txt 246.0 342.0 28.07 2603.85
rc_206.4.txt 831.6702 831.6702 0.0 107.39
n40w200.005.txt 239.0 302.0 20.86 3397.92
n60w160.003.txt 212.0 464.0 54.31 3463.8
n80w60.005.txt 575.0 575.0 0.0 765.78
n100w60.003.txt 619.0 749.0 17.36 3576.33
n100w20.001.txt 738.0 738.0 0.0 32.87
N20ft402.dat 684.2 684.2 0.0 0.07
n100w60.005.txt 661.0 661.0 0.0 1027.05
n150w40.001.txt 810.0 919.0 11.86 2176.98
n200w140.001.txt 177.0 1053.0 83.19 1437.2
n20w180.002.txt 265.0 265.0 0.0 16.99
n60w40.001.txt 591.0 591.0 0.0 45.45
rbg050a.tw 2361.0 2990.0 21.04 3278.46
n100w100.004.txt 484.0 738.0 34.42 2719.11
n80w120.001.txt 362.0 514.0 29.57 864.11
N60ft202.dat 1161.6 1161.6 0.0 0.08
n200w140.002.txt 180.0 895.0 79.89 2395.09
n100w80.002.txt 542.0 681.0 20.41 2000.33
rc201.0 628.6212 628.6212 0.0 3.36
n80w180.001.txt 373.0 560.0 33.39 3365.48
rbg021.7.tw 1050.0 4480.0 76.55999999999999 3477.28
n60w140.002.txt 394.0 469.0 15.989999999999998 2549.19
n100w60.002.txt 659.0 659.0 0.0 1348.85
n20w40.005.txt 288.0 288.0 0.0 0.08
n200w20.005.txt 1020.0 1020.0 0.0 445.04
n20w100.003.txt 310.0 310.0 0.0 8.85
rbg016a.tw 938.0 938.0 0.0 0.22
rc205.3 601.2416 601.2416 0.0 10.3
n40w100.005.txt 377.0 377.0 0.0 82.67
rc_205.3.txt 825.0584999999999 825.0584999999999 0.0 59.0
rc_205.4.txt 760.4704000000002 760.4704000000002 0.0 13.65
n80w60.001.txt 554.0 554.0 0.0 237.93
rc_203.3.txt 735.9093000000001 823.4392999999999 10.63 3590.69
N60ft404.dat 1184.7000000000003 1184.7000000000003 0.0 4.59
n200w40.004.txt 731.0 1030.0 29.03 3589.46
rbg125a.tw 7918.0 8051.0 1.6500000000000001 3358.19
n60w100.001.txt 515.0 515.0 0.0 1063.65
N40ft210.dat 1026.3 1026.3 0.0 0.08
N60ft208.dat 1112.9999999999998 1112.9999999999998 0.0 1.19
n20w200.002.txt 203.0 203.0 0.0 25.27
rc202.0 496.2189999999999 496.2189999999999 0.0 19.91
rbg049a.tw 9877.0 10034.0 1.5599999999999998 3206.93
n80w80.004.txt 506.0 620.0 18.39 3577.0
rbg017.2.tw 852.0 852.0 0.0 9.08
n60w160.004.txt 288.0 409.0 29.580000000000002 2665.58
rc_203.2.txt 659.6317999999998 784.1583000000002 15.879999999999999 3590.51
n100w160.005.txt 327.0 642.0 49.07 2212.45
rc207.1 726.3588000000001 726.3588000000001 0.0 93.5
n200w20.001.txt 1019.0 1019.0 0.0 2739.07
n60w140.005.txt 334.0 462.0 27.71 2827.43
N20ft408.dat 757.3000000000001 757.3000000000001 0.0 0.09
n60w80.001.txt 458.0 458.0 0.0 546.14
n80w140.001.txt 346.0 560.0 38.21 2062.72
n150w160.002.txt 286.0 826.0 65.38000000000001 2289.05
rbg038a.tw 2480.0 2480.0 0.0 75.79
n20w160.003.txt 201.0 201.0 0.0 10.86
n40w160.003.txt 346.0 346.0 0.0 301.12
n150w40.003.txt 528.0 737.0 28.360000000000003 3499.23
n60w20.004.txt 616.0 616.0 0.0 7.34
n20w200.005.txt 227.0 227.0 0.0 21.91
n60w40.002.txt 621.0 621.0 0.0 72.7
n40w180.001.txt 274.0 352.0 22.16 3000.96
n80w100.004.txt 649.0 649.0 0.0 2372.02
N40ft207.dat 867.4999999999999 867.4999999999999 0.0 0.09
n150w160.005.txt 320.0 736.0 56.52 3206.15
n200w120.002.txt 184.0 822.0 77.62 2923.17
n100w100.003.txt 474.0 703.0 32.57 3109.82
n150w160.001.txt 293.0 777.0 62.29 3312.94
n20w160.002.txt 201.0 201.0 0.0 11.25
n80w60.002.txt 633.0 633.0 0.0 488.91
N60ft306.dat 1167.8999999999999 1167.8999999999999 0.0 4.87
n80w120.002.txt 415.0 587.0 29.299999999999997 2103.79
rc_203.4.txt 314.2892999999999 314.2892999999999 0.0 9.24
n40w160.004.txt 288.0 288.0 0.0 313.23
N20ft410.dat 683.0 683.0 0.0 0.07
rbg027a.tw 5091.0 5091.0 0.0 10.69
n40w20.001.txt 500.0 500.0 0.0 0.51
n40w200.001.txt 208.0 343.0 39.36 2547.17
n80w160.001.txt 340.0 530.0 35.85 516.64
rc205.1 491.221 491.221 0.0 13.18
n80w20.003.txt 667.0 667.0 0.0 14.48
rc202.1 426.53279999999995 426.53279999999995 0.0 14.76
n80w160.005.txt 246.0 519.0 52.6 1098.72
n80w100.005.txt 396.0 560.0 29.29 3518.81
n40w120.004.txt 303.0 303.0 0.0 105.54
n150w140.002.txt 407.0 855.0 52.400000000000006 1841.32
rbg031a.tw 1863.0 1863.0 0.0 28.16
n200w140.004.txt 284.0 932.0 69.53 1265.15
n40w60.005.txt 328.0 328.0 0.0 32.39
n60w120.005.txt 498.0 549.0 9.29 3091.66
rc_207.1.txt 732.6829999999999 732.6829999999999 0.0 195.9
rc203.1 726.9914 726.9914 0.0 299.58
n80w120.005.txt 415.0 594.0 30.130000000000003 1618.93
n40w40.001.txt 465.0 465.0 0.0 2.41
n100w140.003.txt 229.0 494.0 53.64 2996.18
n100w120.005.txt 306.0 592.0 48.309999999999995 2243.44
rbg193.2.tw 9755.0 12441.0 21.59 3687.44
n60w100.005.txt 390.0 460.0 15.22 2908.95
N40ft403.dat 845.8000000000001 845.8000000000001 0.0 2.03
rc_202.2.txt 304.14180000000005 304.14180000000005 0.0 1.57
n150w120.003.txt 416.0 807.0 48.449999999999996 2613.3
rbg019b.tw 1866.0 1866.0 0.0 12.96
rbg050c.tw 9745.0 10074.0 3.27 3291.34
n60w160.005.txt 368.0 512.0 28.12 1673.23
n60w60.003.txt 485.0 485.0 0.0 130.48
N20ft406.dat 727.8000000000001 727.8000000000001 0.0 0.06
rbg017.tw 893.0 893.0 0.0 3.92
rbg021.6.tw 4480.0 4480.0 0.0 2458.01
n20w200.003.txt 249.0 249.0 0.0 21.51
n200w20.004.txt 984.0 984.0 0.0 2360.97
N60ft307.dat 1220.1 1220.1 0.0 0.28
n20w180.001.txt 253.0 253.0 0.0 11.97
n20w40.004.txt 388.0 388.0 0.0 0.07
n20w200.001.txt 233.0 233.0 0.0 20.03
n60w60.002.txt 566.0 566.0 0.0 96.04
n100w80.004.txt 574.0 9.223372036854776e18 100.0 3082.48
n200w140.005.txt 148.0 927.0 84.03 1349.25
n80w80.001.txt 624.0 624.0 0.0 995.03
n100w20.003.txt 762.0 762.0 0.0 49.73
N20ft404.dat 817.0 817.0 0.0 0.07
n100w40.002.txt 653.0 653.0 0.0 573.14
N40ft203.dat 876.8000000000001 876.8000000000001 0.0 0.07
n40w20.005.txt 499.0 499.0 0.0 0.09
rbg132.2.tw 6701.0 8316.0 19.42 3515.06
rbg048a.tw 9011.0 9419.0 4.33 3480.89
n40w200.002.txt 303.0 303.0 0.0 1388.47
N20ft403.dat 746.4 746.4 0.0 0.07
n60w120.004.txt 425.0 490.0 13.270000000000001 3589.99
rc207.2 546.4050999999998 546.4050999999998 0.0 159.83
n80w100.003.txt 422.0 605.0 30.25 3345.37
n60w60.005.txt 569.0 569.0 0.0 76.37
n40w120.002.txt 445.0 445.0 0.0 141.74
n100w160.004.txt 391.0 627.0 37.64 3082.7
rc_201.2.txt 711.5373999999998 711.5373999999998 0.0 0.63
rc206.1 664.7312000000001 664.7312000000001 0.0 54.26
N40ft401.dat 1084.9999999999998 1084.9999999999998 0.0 0.11
n60w180.004.txt 272.0 490.0 44.49 3342.41
N40ft205.dat 940.9000000000002 940.9000000000002 0.0 0.08
n40w120.003.txt 357.0 357.0 0.0 881.45
n60w200.005.txt 292.0 449.0 34.97 2024.58
rc206.2 655.3702 655.3702 0.0 89.91
n150w60.001.txt 645.0 906.0 28.810000000000002 3279.23
n80w80.002.txt 508.0 605.0 16.03 3394.06
n60w160.001.txt 457.0 572.0 20.1 2456.94
n40w80.005.txt 344.0 344.0 0.0 58.02
rc_206.2.txt 828.0591000000001 828.0591000000001 0.0 102.63
n20w20.002.txt 286.0 286.0 0.0 0.08
rbg233.2.tw 11634.0 14827.0 21.54 3386.77
n80w200.002.txt 270.0 572.0 52.800000000000004 2462.36
n20w20.001.txt 378.0 378.0 0.0 0.06
N60ft305.dat 1151.6000000000001 1151.6000000000001 0.0 2.32
n80w160.003.txt 305.0 574.0 46.86 3292.96
N60ft410.dat 1189.6000000000001 1189.6000000000001 0.0 19.56
n100w100.005.txt 365.0 617.0 40.839999999999996 2758.74
n60w60.004.txt 571.0 571.0 0.0 106.17
rc_204.3.txt 455.03149999999994 455.03149999999994 0.0 682.03
rc_208.1.txt 751.2001400000001 794.17404 5.41 3585.34
rc203.0 608.2807999999999 733.9986999999999 17.130000000000003 3583.46
n80w140.003.txt 297.0 636.0 53.300000000000004 3594.47
rc202.3 627.8457999999999 627.8457999999999 0.0 27.07
n40w140.002.txt 383.0 383.0 0.0 2768.09
rc205.0 511.6493 511.6493 0.0 17.52
n150w120.005.txt 266.0 754.0 64.72 3378.53
N60ft308.dat 1097.5999999999997 1097.5999999999997 0.0 4.88
rbg040a.tw 2378.0 2378.0 0.0 57.71
n100w80.005.txt 416.0 648.0 35.8 2577.35
N40ft209.dat 1013.9000000000001 1013.9000000000001 0.0 0.07
n80w200.005.txt 235.0 484.0 51.449999999999996 599.83
n40w200.003.txt 305.0 340.0 10.290000000000001 3332.89
N60ft403.dat 1173.7 1173.7 0.0 4.23
n40w100.003.txt 364.0 364.0 0.0 71.79
n40w180.005.txt 237.0 340.0 30.29 1764.24
n40w40.002.txt 461.0 461.0 0.0 18.31
rc204.2 667.1815000000001 905.9347999999999 26.35 3599.19
rc207.0 806.6888000000001 806.6888000000001 0.0 116.56
rbg019d.tw 1356.0 1356.0 0.0 3.66
n40w160.001.txt 348.0 348.0 0.0 179.81
N40ft206.dat 1054.1999999999998 1054.1999999999998 0.0 0.07
n200w120.004.txt 291.0 887.0 67.19000000000001 1272.76
n100w100.001.txt 467.0 670.0 30.3 3511.96
n40w80.001.txt 395.0 395.0 0.0 31.4
n80w40.005.txt 695.0 695.0 0.0 130.12
n100w160.002.txt 287.0 601.0 52.25 3297.51
n150w140.004.txt 391.0 834.0 53.12 3088.8
N40ft406.dat 969.0999999999998 969.0999999999998 0.0 0.86
n40w180.003.txt 196.0 279.0 29.75 3483.33
n80w40.002.txt 618.0 618.0 0.0 135.46
n60w140.004.txt 394.0 498.0 20.880000000000003 3032.25
n20w140.003.txt 236.0 236.0 0.0 13.22
n100w120.002.txt 279.0 581.0 51.980000000000004 3054.29
n40w60.004.txt 382.0 382.0 0.0 64.78
n20w140.004.txt 255.0 255.0 0.0 12.99
n80w120.004.txt 301.0 509.0 40.86 3263.66
N20ft305.dat 716.5 716.5 0.0 0.06
rc205.2 714.6949999999999 714.6949999999999 0.0 17.8
n80w80.005.txt 570.0 570.0 0.0 285.37
n60w80.003.txt 550.0 550.0 0.0 133.79
n20w140.001.txt 176.0 176.0 0.0 11.91
n20w140.005.txt 225.0 225.0 0.0 10.73
n40w120.001.txt 434.0 434.0 0.0 91.0
rc201.3 422.54359999999997 422.54359999999997 0.0 0.52
n100w120.004.txt 383.0 713.0 46.28 2181.87
n20w100.001.txt 237.0 237.0 0.0 7.62
N20ft302.dat 684.2 684.2 0.0 0.06
N60ft205.dat 1184.1 1184.1 0.0 0.07
n40w20.002.txt 552.0 552.0 0.0 2.08
n150w160.003.txt 170.0 772.0 77.98 2679.37
rc_206.3.txt 574.4181 574.4181 0.0 21.92
n20w60.004.txt 280.0 280.0 0.0 7.5
N40ft402.dat 995.5999999999999 995.5999999999999 0.0 0.07
n60w20.002.txt 605.0 605.0 0.0 4.83
n20w160.004.txt 203.0 203.0 0.0 19.55
N20ft310.dat 683.0 683.0 0.0 0.06
n100w120.003.txt 451.0 634.0 28.860000000000003 3552.01
n60w200.004.txt 343.0 441.0 22.220000000000002 3596.53
n80w200.003.txt 194.0 495.0 60.809999999999995 1011.44
N60ft401.dat 1335.0000000000002 1335.0000000000002 0.0 10.41
n80w20.002.txt 737.0 737.0 0.0 30.47
n60w100.003.txt 560.0 560.0 0.0 361.9
n150w140.001.txt 394.0 893.0 55.879999999999995 1446.59
n150w120.001.txt 324.0 809.0 59.95 2601.68
rbg010a.tw 671.0 671.0 0.0 0.08
n20w20.005.txt 352.0 352.0 0.0 0.07
N60ft309.dat 1140.5999999999997 1140.5999999999997 0.0 3.22
n150w120.004.txt 381.0 835.0 54.37 2028.7
n60w180.003.txt 314.0 458.0 31.44 2283.68
n60w100.004.txt 510.0 510.0 0.0 264.85
N20ft304.dat 817.0 817.0 0.0 0.06
n200w40.002.txt 605.0 983.0 38.45 3411.16
N40ft405.dat 936.5000000000003 936.5000000000003 0.0 1.5
n100w60.001.txt 602.0 659.0 8.649999999999999 2931.48
n100w140.001.txt 393.0 704.0 44.18 3137.12
n100w140.004.txt 342.0 570.0 40.0 3524.25
rc201.2 707.6469999999998 707.6529999999998 0.0 3.34
n100w20.002.txt 715.0 715.0 0.0 64.56
n150w20.002.txt 864.0 864.0 0.0 234.78
n20w180.005.txt 193.0 193.0 0.0 32.53
n150w20.001.txt 925.0 925.0 0.0 380.14
n80w40.001.txt 606.0 606.0 0.0 313.45
rbg152.3.tw 7240.0 9982.0 27.47 3689.42
N60ft407.dat 1198.9 1198.9 0.0 9.75
n150w20.004.txt 873.0 873.0 0.0 343.26
N40ft201.dat 1100.6 1100.6 0.0 0.07
n80w20.005.txt 748.0 748.0 0.0 23.05
N20ft409.dat 730.6999999999999 730.6999999999999 0.0 0.07
rc_206.1.txt 117.8479 117.8479 0.0 0.06
n80w160.002.txt 197.0 638.0 69.12 3102.07
rbg016b.tw 1304.0 1304.0 0.0 5.62
n80w200.004.txt 291.0 565.0 48.5 2385.79
rbg035a.2.tw 1837.0 2088.0 12.02 3505.37
n200w40.003.txt 645.0 9.223372036854776e18 100.0 3408.01
n150w20.005.txt 846.0 846.0 0.0 423.04
n20w40.002.txt 333.0 333.0 0.0 0.07
n20w80.004.txt 304.0 304.0 0.0 1.99
rc_207.4.txt 119.6388 119.6388 0.0 0.06
