File Name: rbg378a.sop
Peel Setting: lastexactnode
Max Width: 2048
Variety Search Width: 5
Parallel: false
Threads: 1
Time Limit (seconds): 3600
Memory Limit (GB): 640.0
Initial Solution:
Sequence: 1 3 2 9 4 15 26 12 6 14 13 5 30 23 8 29 21 48 31 24 7 27 19 18 11 22 10 25 16 17 20 28 43 39 35 33 32 38 44 40 34 42 37 36 47 46 45 41 83 56 52 84 67 65 60 87 72 50 58 85 71 70 51 49 75 54 95 74 55 57 59 53 79 66 96 78 63 62 73 77 61 64 80 81 82 68 100 69 76 99 86 90 88 94 93 92 98 91 89 97 125 102 116 144 111 101 113 105 121 110 129 117 107 118 124 123 126 130 115 109 119 137 133 104 106 122 103 108 114 112 128 120 132 131 136 134 127 135 141 140 142 139 138 143 146 187 169 145 171 170 185 172 149 184 153 151 188 189 177 147 182 152 148 181 154 150 155 157 159 186 165 156 179 178 160 190 158 166 180 164 162 167 161 163 174 176 173 168 175 183 233 207 192 212 197 206 191 200 204 229 201 199 203 333 208 193 194 231 215 334 211 214 195 205 198 228 196 217 216 336 218 209 213 220 337 219 210 202 236 222 221 227 225 224 223 232 226 230 234 237 339 235 282 338 251 247 240 239 341 241 243 356 262 238 342 245 249 357 263 250 352 257 246 264 355 259 248 256 244 252 340 242 358 255 261 359 267 253 275 354 268 260 344 266 258 270 335 254 265 274 276 277 269 278 279 271 272 273 360 286 281 361 287 280 310 309 362 296 285 308 306 319 283 316 320 289 318 302 321 366 365 317 367 313 284 288 363 307 295 364 314 297 368 322 292 298 369 323 291 290 370 326 299 301 325 324 294 300 293 371 327 305 304 303 372 329 315 328 312 311 374 331 332 373 330 346 351 347 343 348 353 375 349 345 350 377 376 379 378 380 
Cost: 3340
602.67 seconds
