File Name: rbg341a.sop
Peel Setting: lastexactnode
Max Width: 2048
Variety Search Width: 5
Parallel: false
Threads: 1
Time Limit (seconds): 3600
Memory Limit (GB): 640.0
Initial Solution:
Sequence: 1 18 2 20 4 12 11 44 10 9 7 5 13 6 15 8 14 3 21 17 16 27 23 19 25 28 26 24 22 32 30 29 34 33 31 43 35 38 36 39 37 42 40 41 71 50 46 72 53 45 54 48 47 63 67 75 65 52 73 86 55 74 56 49 51 57 60 64 69 62 68 59 58 70 61 66 77 76 79 81 84 82 78 80 83 109 91 85 106 105 111 97 108 94 87 112 101 118 90 89 93 92 100 98 110 96 107 103 104 88 99 95 102 113 117 114 115 116 120 133 134 119 137 121 123 197 139 122 164 141 193 135 201 147 124 129 131 132 136 127 198 130 200 142 163 128 125 140 126 151 157 156 155 152 194 162 145 148 143 165 146 138 158 144 210 161 154 149 150 159 153 160 172 170 177 176 211 173 166 183 168 221 184 171 181 180 179 182 169 185 167 212 175 174 222 188 178 190 186 189 187 228 195 229 192 223 191 203 202 226 204 196 207 199 205 231 209 208 206 233 220 214 217 218 219 237 215 232 213 216 225 230 236 227 234 224 235 250 241 258 247 240 260 252 238 256 243 242 244 245 239 251 248 253 274 246 257 259 254 255 249 266 268 267 262 261 269 265 263 264 272 271 273 270 294 285 275 277 276 292 283 291 280 287 281 290 282 278 279 288 289 293 284 286 296 295 298 297 303 304 302 301 300 299 308 306 305 310 309 307 313 314 311 312 318 317 315 316 323 321 319 322 320 325 324 330 327 329 328 326 333 332 331 336 337 335 338 334 340 339 342 341 343 
Cost: 2980
410.93 seconds
Bounds: [658,2980]
Optimality Gap: 77.92%
Data: 658,2980,77.92
2658.26 seconds
Improved Solution:
Sequence: 1 18 2 20 4 12 11 44 3 10 9 7 5 13 15 14 8 6 16 21 17 27 23 19 25 22 28 26 24 32 30 29 34 33 31 43 35 38 36 39 37 42 40 41 50 45 47 67 63 72 53 51 73 86 55 74 56 49 54 52 64 75 65 48 57 46 58 59 61 62 68 66 71 60 69 76 77 70 83 79 82 84 80 81 78 91 85 106 94 108 105 100 98 93 92 109 111 97 88 112 101 87 90 89 110 95 102 107 103 104 99 96 113 115 116 118 117 114 165 134 120 133 119 194 137 122 164 130 121 123 131 132 136 127 197 139 193 135 201 147 124 163 128 200 142 129 198 141 126 140 125 148 157 156 138 150 155 152 162 145 151 143 160 158 144 210 161 149 146 159 154 153 177 176 211 173 166 172 170 183 168 221 184 171 175 174 222 185 167 178 181 186 180 179 182 169 187 228 192 223 188 212 190 189 226 191 229 195 196 199 203 202 209 208 231 204 213 207 206 205 233 220 214 217 218 232 219 237 215 216 225 230 236 227 234 224 235 250 241 258 247 240 260 252 242 244 245 238 256 243 239 248 253 274 249 246 257 259 255 254 251 265 262 261 263 266 267 264 268 273 271 272 269 270 294 285 275 277 276 282 281 290 279 291 280 286 278 293 284 287 292 283 288 289 296 295 298 297 303 304 302 301 300 299 308 306 305 310 309 307 313 314 311 312 318 317 315 316 323 321 319 322 320 325 324 330 327 329 328 326 333 332 331 336 337 335 338 334 340 339 342 341 343 
Cost: 2874
Bounds: [658,2874]
Optimality Gap: 77.11%
Data: 658,2874,77.11
3139.47 seconds
Nodes In Queue: 1
