File Name: rbg253a.sop
Peel Setting: lastexactnode
Max Width: 2048
Variety Search Width: 5
Parallel: false
Threads: 1
Time Limit (seconds): 3600
Memory Limit (GB): 640.0
Initial Solution:
Sequence: 1 2 5 3 4 8 6 9 7 13 11 10 17 16 14 19 15 20 12 18 28 26 24 22 23 21 30 29 25 31 27 34 35 37 36 32 33 40 38 42 41 39 45 44 43 50 49 48 47 46 57 52 54 53 56 51 73 60 59 62 55 65 58 68 67 72 66 61 70 63 64 75 74 71 69 80 79 78 76 87 84 89 82 83 77 86 85 81 90 96 95 91 93 92 94 88 109 103 98 97 99 110 106 107 105 101 102 104 100 112 114 111 108 115 113 116 122 119 118 117 123 124 120 121 127 125 126 145 132 128 129 153 141 134 130 138 140 139 133 137 146 135 154 142 136 155 143 131 148 150 144 147 152 151 149 169 160 163 158 157 168 159 164 156 162 167 166 161 165 173 170 172 171 183 176 180 179 178 182 175 177 174 185 187 181 186 214 190 184 195 206 194 197 193 198 191 188 189 216 208 192 217 210 201 218 212 202 203 196 205 204 200 199 209 213 207 211 215 227 225 221 219 226 222 220 230 228 223 232 224 229 236 235 231 237 233 242 234 239 241 243 238 240 249 248 250 244 251 252 247 245 253 246 254 255 
Cost: 3148
170.57 seconds
Bounds: [1292,3148]
Optimality Gap: 58.96%
Data: 1292,3148,58.96
702.8 seconds
Improved Solution:
Sequence: 1 2 5 3 4 10 8 6 9 7 13 11 16 14 18 17 12 19 20 15 25 23 21 28 26 24 22 27 31 34 35 30 29 36 37 33 32 38 40 42 41 39 45 44 43 47 46 48 50 49 55 51 57 52 59 54 53 56 65 62 58 73 60 61 70 64 66 63 71 67 72 76 75 74 68 69 84 89 82 77 80 79 78 90 87 83 88 86 85 81 93 91 92 96 95 94 97 109 103 100 98 99 110 105 107 108 101 104 102 112 106 111 113 115 114 119 118 120 116 117 121 122 126 123 125 124 127 129 145 132 128 133 137 146 135 134 130 138 131 153 141 154 142 139 148 136 152 140 155 143 149 147 150 144 151 161 165 158 157 164 156 162 167 166 168 159 169 160 163 173 170 172 171 183 176 177 174 180 182 175 184 185 179 178 187 181 186 214 190 188 215 206 189 216 194 197 195 198 191 217 208 192 210 193 203 201 218 212 202 199 200 196 207 211 204 205 209 222 220 213 221 219 228 223 232 224 229 227 225 226 236 235 230 234 231 237 233 242 239 241 240 238 244 243 252 250 249 247 251 248 246 245 253 254 255 
Cost: 2968
Bounds: [1292,2968]
Optimality Gap: 56.47%
Data: 1292,2968,56.47
943.09 seconds
Nodes In Queue: 1
Bounds: [1421,2968]
Optimality Gap: 52.12%
Data: 1421,2968,52.12
1968.66 seconds
Nodes In Queue: 2
Bounds: [1512,2968]
Optimality Gap: 49.059999999999995%
Data: 1512,2968,49.059999999999995
3009.24 seconds
Nodes In Queue: 3
