File Name: rbg323a.sop
Peel Setting: lastexactnode
Max Width: 2048
Variety Search Width: 5
Parallel: false
Threads: 1
Time Limit (seconds): 3600
Memory Limit (GB): 640.0
Initial Solution:
Sequence: 1 4 3 2 8 21 23 13 5 17 24 18 25 19 7 16 10 9 11 20 14 15 12 6 26 22 35 27 34 33 32 30 29 31 28 66 69 50 39 53 48 37 67 47 36 38 68 45 40 42 41 54 55 52 46 51 43 44 72 57 49 77 64 61 59 58 56 63 60 62 65 76 73 71 70 83 81 74 75 78 92 79 106 94 85 95 82 84 80 99 90 100 88 107 86 102 87 96 91 89 93 108 105 97 109 104 103 98 101 111 110 112 114 113 115 116 118 119 120 117 122 123 121 124 129 126 130 131 147 125 132 128 133 135 134 127 138 136 137 142 141 144 140 143 139 146 145 153 152 181 148 182 160 150 149 166 162 161 167 168 183 163 151 154 194 156 155 189 184 164 165 159 158 188 171 157 172 190 175 191 177 180 176 186 170 169 178 174 173 179 187 234 193 232 185 197 192 211 239 209 237 236 218 238 253 213 231 202 240 203 248 214 250 216 196 249 199 251 217 195 247 208 222 220 224 205 233 204 219 198 255 225 246 207 210 254 223 206 212 200 226 201 228 227 215 256 230 229 221 235 244 243 242 257 241 245 258 252 271 259 273 263 275 267 272 260 268 262 261 264 269 265 274 266 276 270 278 277 282 286 285 280 284 283 281 279 289 288 291 290 293 292 287 295 294 300 299 296 297 298 301 304 303 306 305 302 313 307 311 310 308 309 315 314 312 316 319 318 320 317 322 321 324 323 325 
Cost: 3449
355.6 seconds
Bounds: [776,3449]
Optimality Gap: 77.5%
Data: 776,3449,77.5
1966.96 seconds
Improved Solution:
Sequence: 1 4 3 2 8 21 20 23 13 5 17 24 18 25 19 7 16 10 9 15 11 14 12 6 26 22 35 27 34 33 29 31 32 30 28 66 45 39 53 48 37 67 47 36 38 50 40 68 52 42 41 43 44 51 46 72 57 49 54 55 63 56 77 64 62 59 58 69 61 60 71 70 65 83 81 74 75 78 76 73 92 79 84 82 80 93 106 94 85 95 88 107 99 86 102 90 100 87 96 89 91 109 104 103 101 98 108 105 97 111 110 113 114 112 115 116 124 117 118 119 120 122 123 121 128 147 125 132 129 126 130 131 133 135 134 127 138 136 137 142 141 144 140 143 139 180 146 145 182 160 153 152 181 148 150 149 166 162 167 156 155 194 154 151 189 184 164 165 159 158 188 171 183 163 157 172 169 161 174 168 190 175 176 178 173 186 170 191 177 231 179 187 185 232 234 193 233 192 211 239 209 237 236 218 238 253 213 212 197 248 214 240 203 196 247 199 205 195 254 223 250 204 219 198 220 255 225 224 251 217 210 249 215 206 221 246 207 200 226 201 228 227 208 202 256 230 222 252 229 216 235 243 242 257 241 258 244 245 271 259 275 267 272 260 273 263 268 262 261 269 265 264 274 266 276 270 281 279 278 277 280 284 287 283 282 286 285 289 288 291 290 295 294 293 292 296 301 297 302 298 300 299 306 305 304 303 312 311 310 308 309 313 307 315 314 317 316 319 318 320 323 321 324 322 325 
Cost: 3333
Bounds: [776,3333]
Optimality Gap: 76.72%
Data: 776,3333,76.72
2367.76 seconds
Nodes In Queue: 1
