File Name: n100w20.001.txt
Makespan Objective: false
Peel Setting: maximal
Max Width: 2048
Variety Search Width: 100
Parallel: false
Threads: 1
Time Limit (seconds): 3600
Memory Limit (GB): 640.0
Initial Solution:
Sequence: 1 89 31 69 2 50 12 58 66 10 43 29 73 21 80 5 51 96 25 23 7 63 61 87 95 54 62 57 65 33 11 9 13 71 6 30 88 35 94 77 86 93 99 79 78 4 44 3 76 75 45 42 56 17 28 14 60 92 24 20 67 48 36 41 39 19 34 97 74 32 16 8 47 84 53 49 59 85 40 98 100 91 68 90 38 83 64 82 18 72 55 15 81 46 26 27 52 22 101 37 70 102 
Cost: 744
17.74 seconds
Bounds: [738.0,744.0]
Optimality Gap: 0.8099999999999999%
Data: 738.0,744.0,0.8099999999999999
22.96 seconds
Improved Solution:
Sequence: 1 89 31 69 2 50 12 58 66 10 43 29 73 21 80 5 51 96 23 25 7 63 61 87 95 54 62 57 65 33 11 9 13 71 6 30 88 35 94 77 86 93 99 79 78 4 44 3 76 75 45 14 28 42 60 17 92 56 24 20 67 48 36 41 39 19 34 97 74 32 16 8 47 84 53 49 59 85 40 98 100 91 68 90 38 64 83 82 72 18 55 15 81 46 26 27 52 22 101 37 70 102 
Cost: 738
Bounds: [738.0,738.0]
Optimality Gap: 0.0%
Data: 738.0,738.0,0.0
32.87 seconds
Optimal Solution Found:
Sequence: 1 89 31 69 2 50 12 58 66 10 43 29 73 21 80 5 51 96 23 25 7 63 61 87 95 54 62 57 65 33 11 9 13 71 6 30 88 35 94 77 86 93 99 79 78 4 44 3 76 75 45 14 28 42 60 17 92 56 24 20 67 48 36 41 39 19 34 97 74 32 16 8 47 84 53 49 59 85 40 98 100 91 68 90 38 64 83 82 72 18 55 15 81 46 26 27 52 22 101 37 70 102 
Cost: 738
32.88 seconds
Bounds: [738.0,738.0]
Optimality Gap: 0.0%
Data: 738.0,738.0,0.0
32.88 seconds
