File Name: n100w20.003.txt
Makespan Objective: false
Peel Setting: maximal
Max Width: 2048
Variety Search Width: 100
Parallel: false
Threads: 1
Time Limit (seconds): 3600
Memory Limit (GB): 640.0
9.92 seconds
Bounds: [678.0,NA]
Data: 678.0,9223372036854775807,100.0
27.95 seconds
Improved Solution:
Sequence: 1 98 36 62 34 35 61 39 58 7 48 16 94 27 78 97 54 22 21 17 71 84 99 51 26 69 14 57 86 80 93 37 76 90 87 46 50 49 23 9 10 44 19 72 91 53 67 79 74 66 77 55 92 73 6 88 45 5 24 11 13 32 31 82 95 15 8 12 33 81 18 41 60 43 65 25 56 75 38 83 59 2 89 52 40 3 4 100 20 42 47 68 64 63 29 28 96 70 85 101 30 102 
Cost: 764
Bounds: [678.0,764.0]
Optimality Gap: 11.26%
Data: 678.0,764.0,11.26
36.39 seconds
Improved Solution:
Sequence: 1 98 36 62 34 35 61 39 58 7 48 16 94 27 78 97 22 54 21 17 71 84 26 69 51 99 14 57 86 93 80 37 76 90 87 46 50 49 23 9 10 44 19 72 91 67 53 79 66 74 55 77 92 73 6 88 45 5 24 11 13 32 31 82 95 15 8 12 33 81 18 41 60 43 65 25 56 75 38 83 59 2 89 52 40 3 4 100 20 42 47 68 64 63 29 28 96 70 85 101 30 102 
Cost: 762
Bounds: [678.0,762.0]
Optimality Gap: 11.020000000000001%
Data: 678.0,762.0,11.020000000000001
38.76 seconds
Nodes In Queue: 1
Optimal Solution Found:
Sequence: 1 98 36 62 34 35 61 39 58 7 48 16 94 27 78 97 22 54 21 17 71 84 26 69 51 99 14 57 86 93 80 37 76 90 87 46 50 49 23 9 10 44 19 72 91 67 53 79 66 74 55 77 92 73 6 88 45 5 24 11 13 32 31 82 95 15 8 12 33 81 18 41 60 43 65 25 56 75 38 83 59 2 89 52 40 3 4 100 20 42 47 68 64 63 29 28 96 70 85 101 30 102 
Cost: 762
49.72 seconds
Bounds: [762.0,762.0]
Optimality Gap: 0.0%
Data: 762.0,762.0,0.0
49.73 seconds
