File Name: n100w20.004.txt
Makespan Objective: false
Peel Setting: maximal
Max Width: 2048
Variety Search Width: 100
Parallel: false
Threads: 1
Time Limit (seconds): 3600
Memory Limit (GB): 640.0
Initial Solution:
Sequence: 1 97 90 58 40 43 27 23 24 7 72 52 67 78 35 73 39 62 65 86 30 28 26 37 68 83 8 76 10 81 21 82 9 12 94 44 42 45 13 98 75 32 46 93 49 36 55 88 79 74 57 38 63 3 18 48 14 11 84 69 92 96 34 51 53 66 54 25 59 17 95 85 31 60 15 22 33 80 16 99 47 89 6 87 56 64 91 41 5 20 50 71 19 2 61 29 4 77 101 100 70 102 
Cost: 802
15.38 seconds
Bounds: [717.0,802.0]
Optimality Gap: 10.6%
Data: 717.0,802.0,10.6
36.74 seconds
Improved Solution:
Sequence: 1 97 90 58 43 40 27 23 24 7 72 52 67 78 35 73 39 62 65 86 30 28 26 37 68 83 8 76 10 81 21 82 9 12 94 44 42 45 13 98 75 32 46 93 49 36 55 88 79 74 57 38 63 3 18 48 14 84 11 69 92 96 34 51 53 66 54 25 59 17 95 60 31 85 15 22 33 80 16 99 47 89 6 87 56 64 91 41 5 20 50 71 19 2 61 29 4 77 101 100 70 102 
Cost: 799
Bounds: [717.0,799.0]
Optimality Gap: 10.26%
Data: 717.0,799.0,10.26
44.3 seconds
Nodes In Queue: 1
Optimal Solution Found:
Sequence: 1 97 90 58 43 40 27 23 24 7 72 52 67 78 35 73 39 62 65 86 30 28 26 37 68 83 8 76 10 81 21 82 9 12 94 44 42 45 13 98 75 32 46 93 49 36 55 88 79 74 57 38 63 3 18 48 14 84 11 69 92 96 34 51 53 66 54 25 59 17 95 60 31 85 15 22 33 80 16 99 47 89 6 87 56 64 91 41 5 20 50 71 19 2 61 29 4 77 101 100 70 102 
Cost: 799
51.93 seconds
Bounds: [799.0,799.0]
Optimality Gap: 0.0%
Data: 799.0,799.0,0.0
51.93 seconds
