File Name: n100w20.005.txt
Makespan Objective: false
Peel Setting: maximal
Max Width: 2048
Variety Search Width: 100
Parallel: false
Threads: 1
Time Limit (seconds): 3600
Memory Limit (GB): 640.0
8.41 seconds
Bounds: [695.0,NA]
Data: 695.0,9223372036854775807,100.0
24.49 seconds
Improved Solution:
Sequence: 1 86 16 58 25 24 8 57 19 34 59 21 89 52 46 32 17 33 50 26 70 28 22 83 60 20 77 79 56 11 51 29 6 54 90 40 43 99 3 95 97 85 93 12 15 18 49 27 88 10 62 76 36 98 38 94 72 65 7 87 74 100 5 45 2 41 73 66 53 30 69 78 80 37 91 67 55 23 82 14 48 31 81 71 9 64 35 61 4 47 84 68 63 13 39 44 75 92 101 96 42 102 
Cost: 777
Bounds: [695.0,777.0]
Optimality Gap: 10.549999999999999%
Data: 695.0,777.0,10.549999999999999
33.05 seconds
Improved Solution:
Sequence: 1 86 16 58 24 25 8 57 19 34 59 21 89 52 46 32 17 33 50 26 70 28 60 22 83 20 77 79 56 11 51 40 43 90 54 29 6 99 3 95 97 85 93 12 15 18 49 27 88 10 36 62 76 98 38 94 72 65 7 87 74 5 100 45 2 41 73 66 53 30 69 78 80 37 91 67 55 23 82 14 48 31 81 71 9 64 35 61 4 47 84 68 63 13 39 44 75 92 101 96 42 102 
Cost: 774
Bounds: [695.0,774.0]
Optimality Gap: 10.209999999999999%
Data: 695.0,774.0,10.209999999999999
36.43 seconds
Nodes In Queue: 1
Optimal Solution Found:
Sequence: 1 86 16 58 24 25 8 57 19 34 59 21 89 52 46 32 17 33 50 26 70 28 60 22 83 20 77 79 56 11 51 40 43 90 54 29 6 99 3 95 97 85 93 12 15 18 49 27 88 10 36 62 76 98 38 94 72 65 7 87 74 5 100 45 2 41 73 66 53 30 69 78 80 37 91 67 55 23 82 14 48 31 81 71 9 64 35 61 4 47 84 68 63 13 39 44 75 92 101 96 42 102 
Cost: 774
45.66 seconds
Bounds: [774.0,774.0]
Optimality Gap: 0.0%
Data: 774.0,774.0,0.0
45.66 seconds
