File Name: n100w40.001.txt
Makespan Objective: false
Peel Setting: maximal
Max Width: 2048
Variety Search Width: 100
Parallel: false
Threads: 1
Time Limit (seconds): 3600
Memory Limit (GB): 640.0
Initial Solution:
Sequence: 1 17 100 29 40 3 45 20 70 67 33 38 31 47 77 48 58 8 87 54 22 63 89 59 34 41 62 6 79 18 4 84 27 5 82 46 42 24 65 55 13 95 85 28 86 19 12 61 90 14 76 57 36 15 2 81 23 94 92 60 72 49 52 91 56 75 21 7 99 71 30 64 93 80 66 26 98 10 43 35 73 88 11 83 9 32 37 78 39 68 16 51 53 96 69 74 25 44 101 97 50 102 
Cost: 775
32.31 seconds
Bounds: [644.0,775.0]
Optimality Gap: 16.900000000000002%
Data: 644.0,775.0,16.900000000000002
89.48 seconds
Improved Solution:
Sequence: 1 17 100 29 40 3 45 20 70 67 33 38 31 47 77 48 58 8 87 54 22 63 89 59 34 41 62 6 79 18 4 84 27 5 82 46 42 24 65 55 13 95 85 28 86 19 12 61 90 14 76 57 36 15 2 81 23 94 92 60 72 49 52 91 56 75 21 7 99 71 30 64 93 80 66 26 98 10 43 35 73 88 11 83 9 32 78 37 53 39 16 68 51 96 69 74 25 44 101 97 50 102 
Cost: 773
Bounds: [644.0,773.0]
Optimality Gap: 16.689999999999998%
Data: 644.0,773.0,16.689999999999998
105.96 seconds
Nodes In Queue: 1
Bounds: [723.0,773.0]
Optimality Gap: 6.47%
Data: 723.0,773.0,6.47
163.53 seconds
Nodes In Queue: 1
Optimal Solution Found:
Sequence: 1 17 100 29 40 3 20 45 70 67 33 38 31 47 77 48 58 8 87 54 22 63 89 59 34 41 62 6 79 18 4 84 27 5 82 46 42 24 65 55 13 95 85 28 86 19 12 61 90 14 76 57 36 15 2 81 23 94 92 60 72 49 52 91 56 75 21 7 99 71 30 64 93 80 66 10 98 26 43 35 73 88 11 83 9 32 78 37 53 68 16 51 39 96 69 74 25 44 101 97 50 102 
Cost: 770
178.71 seconds
Bounds: [770.0,770.0]
Optimality Gap: 0.0%
Data: 770.0,770.0,0.0
178.71 seconds
