File Name: n80w60.004.txt
Makespan Objective: false
Peel Setting: maximal
Max Width: 2048
Variety Search Width: 100
Parallel: false
Threads: 1
Time Limit (seconds): 3600
Memory Limit (GB): 640.0
Initial Solution:
Sequence: 1 32 8 43 33 59 39 11 36 23 6 74 60 31 17 78 38 80 57 73 16 18 27 46 35 30 64 63 25 14 2 76 66 50 71 55 5 28 26 70 77 61 75 20 4 79 67 62 45 48 72 15 22 42 7 21 13 53 10 34 54 44 40 56 12 49 58 37 65 9 51 3 41 29 69 52 24 47 81 19 68 82 
Cost: 634
31.41 seconds
Bounds: [415.0,634.0]
Optimality Gap: 34.54%
Data: 415.0,634.0,34.54
101.24 seconds
Improved Solution:
Sequence: 1 32 8 33 43 59 39 11 36 23 6 74 60 31 17 78 38 80 57 73 16 18 27 46 35 30 64 63 25 14 2 66 76 50 71 55 5 28 26 70 77 61 75 20 4 79 67 62 45 48 72 15 22 42 7 21 13 53 10 34 54 44 40 51 65 56 12 49 58 41 37 3 9 29 69 52 24 47 81 19 68 82 
Cost: 626
Bounds: [415.0,626.0]
Optimality Gap: 33.71%
Data: 415.0,626.0,33.71
126.11 seconds
Nodes In Queue: 1
Bounds: [502.0,626.0]
Optimality Gap: 19.81%
Data: 502.0,626.0,19.81
224.32 seconds
Nodes In Queue: 2
Bounds: [507.0,626.0]
Optimality Gap: 19.009999999999998%
Data: 507.0,626.0,19.009999999999998
278.23 seconds
Nodes In Queue: 3
Improved Solution:
Sequence: 1 8 32 43 33 59 39 23 36 11 6 74 60 31 17 78 38 80 57 73 16 18 27 46 35 30 64 63 25 14 2 76 66 50 71 55 5 28 26 70 77 61 75 20 4 79 67 62 45 48 72 15 22 42 21 13 53 7 10 34 54 44 40 65 56 12 58 41 49 37 9 51 3 29 69 52 24 47 81 19 68 82 
Cost: 623
Bounds: [619.0,623.0]
Optimality Gap: 0.64%
Data: 619.0,623.0,0.64
306.34 seconds
Nodes In Queue: 2
Improved Solution:
Sequence: 1 32 43 59 8 39 23 36 11 6 74 60 31 17 78 38 80 57 73 16 18 27 46 35 30 64 63 25 14 2 66 76 50 71 55 5 28 26 70 77 61 75 20 4 79 67 62 45 48 72 15 22 42 21 13 53 7 10 34 54 44 40 65 56 12 58 49 41 37 9 51 3 29 69 52 24 47 81 19 68 82 
Cost: 619
Bounds: [619.0,619.0]
Optimality Gap: 0.0%
Data: 619.0,619.0,0.0
319.16 seconds
Nodes In Queue: 1
Optimal Solution Found:
Sequence: 1 32 43 59 8 39 23 36 11 6 74 60 31 17 78 38 80 57 73 16 18 27 46 35 30 64 63 25 14 2 66 76 50 71 55 5 28 26 70 77 61 75 20 4 79 67 62 45 48 72 15 22 42 21 13 53 7 10 34 54 44 40 65 56 12 58 49 41 37 9 51 3 29 69 52 24 47 81 19 68 82 
Cost: 619
331.29 seconds
Bounds: [619.0,619.0]
Optimality Gap: 0.0%
Data: 619.0,619.0,0.0
331.29 seconds
