File Name: n150w20.001.txt
Makespan Objective: false
Peel Setting: maximal
Max Width: 2048
Variety Search Width: 100
Parallel: false
Threads: 1
Time Limit (seconds): 3600
Memory Limit (GB): 640.0
Initial Solution:
Sequence: 1 100 93 41 96 23 133 66 150 135 49 44 105 34 47 68 46 87 147 126 83 32 6 26 63 122 85 65 138 144 30 148 72 119 5 149 42 4 125 79 33 95 60 69 109 52 128 43 111 18 7 99 78 97 103 12 19 98 113 101 117 15 61 35 62 118 24 73 107 31 92 129 123 48 54 64 37 2 10 120 91 131 115 38 106 142 94 143 75 74 127 112 70 124 16 84 130 108 71 141 9 82 8 132 13 146 136 57 59 55 77 11 27 89 67 45 80 20 56 53 58 137 3 114 25 21 81 139 86 39 22 28 134 102 110 116 104 50 36 29 88 76 40 140 90 14 17 121 51 151 145 152 
Cost: 928
51.46 seconds
Bounds: [657.0,928.0]
Optimality Gap: 29.2%
Data: 657.0,928.0,29.2
125.36 seconds
Nodes In Queue: 1
Bounds: [872.0,928.0]
Optimality Gap: 6.03%
Data: 872.0,928.0,6.03
291.5 seconds
Nodes In Queue: 2
Bounds: [876.0,928.0]
Optimality Gap: 5.6000000000000005%
Data: 876.0,928.0,5.6000000000000005
336.17 seconds
Nodes In Queue: 2
Bounds: [925.0,928.0]
Optimality Gap: 0.32%
Data: 925.0,928.0,0.32
359.3 seconds
Nodes In Queue: 1
Optimal Solution Found:
Sequence: 1 100 93 96 41 23 133 66 150 135 49 44 105 34 47 46 68 87 147 126 83 32 6 26 144 63 122 85 65 138 30 148 119 72 42 5 149 4 79 125 33 95 60 43 128 52 109 69 111 18 7 99 78 97 103 12 19 98 113 118 62 35 61 15 117 101 24 73 107 31 92 129 123 48 54 64 37 2 10 120 91 131 115 106 38 142 94 143 75 74 127 112 70 124 16 130 108 71 141 84 9 82 8 132 13 146 136 57 59 55 77 11 27 89 67 45 20 80 58 56 53 137 3 114 25 21 81 139 86 28 22 39 134 102 110 116 104 50 36 29 88 76 40 140 90 14 17 121 51 151 145 152 
Cost: 925
380.14 seconds
Bounds: [925.0,925.0]
Optimality Gap: 0.0%
Data: 925.0,925.0,0.0
380.14 seconds
