File Name: n150w20.002.txt
Makespan Objective: false
Peel Setting: maximal
Max Width: 2048
Variety Search Width: 100
Parallel: false
Threads: 1
Time Limit (seconds): 3600
Memory Limit (GB): 640.0
Initial Solution:
Sequence: 1 42 38 104 114 47 58 93 80 77 31 71 88 103 92 22 105 25 7 57 11 149 66 85 8 5 53 30 6 142 61 35 116 94 76 52 109 130 136 119 15 56 131 55 12 86 147 23 139 113 16 91 70 106 99 18 97 59 134 132 64 135 75 29 83 33 24 36 108 98 74 19 72 110 4 14 9 79 111 60 112 81 87 21 100 62 126 107 63 43 13 89 40 137 121 127 146 138 101 115 82 141 68 96 150 48 37 67 46 145 2 118 54 128 44 143 117 65 102 10 129 45 124 73 123 69 148 144 41 28 17 133 26 51 27 49 78 122 50 95 90 32 3 20 120 84 39 140 151 34 125 152 
Cost: 869
38.79 seconds
Bounds: [719.0,869.0]
Optimality Gap: 17.26%
Data: 719.0,869.0,17.26
90.21 seconds
Nodes In Queue: 1
Bounds: [861.0,869.0]
Optimality Gap: 0.9199999999999999%
Data: 861.0,869.0,0.9199999999999999
157.83 seconds
Nodes In Queue: 1
Improved Solution:
Sequence: 1 42 38 104 114 47 58 93 80 77 31 71 88 103 92 22 105 25 7 57 11 149 66 85 8 5 53 30 6 142 61 35 116 94 76 52 109 130 136 119 15 56 131 55 12 86 147 23 139 113 16 91 70 106 99 18 97 59 134 132 64 135 75 29 83 33 24 36 108 98 74 19 72 110 4 14 9 79 111 60 112 81 87 21 100 62 126 107 63 43 13 89 40 137 121 127 146 138 101 82 115 141 68 96 150 48 37 67 46 145 2 118 54 128 44 143 117 10 65 102 129 45 124 73 123 69 148 144 41 28 17 133 26 51 27 49 78 122 95 50 90 32 3 20 120 84 39 140 151 34 125 152 
Cost: 866
Bounds: [864.0,866.0]
Optimality Gap: 0.22999999999999998%
Data: 864.0,866.0,0.22999999999999998
187.45 seconds
Nodes In Queue: 1
Optimal Solution Found:
Sequence: 1 42 38 114 47 58 93 80 77 31 71 88 103 92 22 105 25 7 57 11 149 66 85 8 5 53 30 6 61 142 35 116 94 76 52 109 130 136 119 15 56 131 12 55 86 147 23 139 113 16 91 70 106 99 18 97 59 134 132 64 135 75 29 33 83 24 36 108 98 74 72 19 110 4 14 9 79 111 60 112 81 87 21 100 62 126 107 63 43 13 89 40 137 121 127 146 138 82 115 101 141 68 96 150 48 37 67 46 145 2 118 54 128 44 143 117 65 102 10 129 45 124 73 123 69 148 144 41 28 17 133 26 51 27 49 78 122 95 50 90 32 3 20 120 84 39 140 151 34 125 152 
Cost: 864
234.78 seconds
Bounds: [864.0,864.0]
Optimality Gap: 0.0%
Data: 864.0,864.0,0.0
234.78 seconds
