File Name: n150w20.003.txt
Makespan Objective: false
Peel Setting: maximal
Max Width: 2048
Variety Search Width: 100
Parallel: false
Threads: 1
Time Limit (seconds): 3600
Memory Limit (GB): 640.0
Initial Solution:
Sequence: 1 65 41 132 83 29 149 79 8 31 141 142 138 98 130 94 28 30 39 33 95 35 37 12 69 86 10 82 84 20 99 66 54 32 25 90 55 85 127 45 150 27 52 6 87 117 80 60 53 4 18 47 105 70 143 108 77 104 34 124 71 64 101 40 23 103 19 43 51 74 100 38 5 121 58 116 129 15 92 56 62 11 3 97 63 109 107 44 147 76 114 140 91 144 42 137 59 119 88 16 111 9 21 115 118 24 26 148 75 2 110 145 136 113 68 61 93 46 22 128 112 131 57 126 49 146 89 7 134 14 73 72 120 81 67 106 96 13 123 133 102 48 139 17 125 78 135 122 50 151 36 152 
Cost: 839
50.43 seconds
Bounds: [609.0,839.0]
Optimality Gap: 27.41%
Data: 609.0,839.0,27.41
158.46 seconds
Improved Solution:
Sequence: 1 65 41 132 83 29 149 79 8 31 141 142 138 98 130 94 28 30 39 33 95 35 37 12 69 86 10 82 84 20 99 66 54 32 25 90 55 85 127 45 150 27 52 6 87 117 80 60 53 4 18 47 105 70 143 108 77 104 34 124 71 64 101 40 23 38 100 19 103 43 51 74 5 121 58 129 15 116 92 56 62 11 3 97 63 109 107 44 147 76 114 140 91 144 42 137 119 59 88 16 111 9 115 21 24 118 26 148 75 2 110 145 136 113 68 61 93 46 22 128 112 131 57 126 49 146 89 7 134 14 73 72 120 81 67 106 96 13 123 133 102 48 139 17 125 78 135 122 50 151 36 152 
Cost: 838
Bounds: [609.0,838.0]
Optimality Gap: 27.33%
Data: 609.0,838.0,27.33
193.45 seconds
Nodes In Queue: 1
Bounds: [793.0,838.0]
Optimality Gap: 5.37%
Data: 793.0,838.0,5.37
323.05 seconds
Nodes In Queue: 2
Improved Solution:
Sequence: 1 65 83 132 41 29 149 79 8 31 141 142 138 98 130 94 28 30 39 33 95 35 37 12 69 86 10 82 84 20 99 66 54 32 25 90 55 85 127 45 150 27 52 6 87 117 80 60 4 53 18 47 105 70 143 108 77 104 34 124 71 64 101 40 23 103 19 43 51 38 100 74 5 121 58 116 129 15 92 56 62 11 3 97 63 107 109 44 147 76 144 91 140 114 42 137 59 119 88 16 111 9 115 21 24 118 26 148 75 2 110 145 136 113 68 61 93 46 22 128 112 131 57 126 49 146 89 7 134 14 73 72 120 81 67 106 96 13 123 133 102 48 139 17 125 78 135 122 50 151 36 152 
Cost: 835
Bounds: [795.0,835.0]
Optimality Gap: 4.79%
Data: 795.0,835.0,4.79
366.37 seconds
Nodes In Queue: 2
Bounds: [834.0,835.0]
Optimality Gap: 0.12%
Data: 834.0,835.0,0.12
389.8 seconds
Nodes In Queue: 1
Optimal Solution Found:
Sequence: 1 65 41 132 83 29 149 79 8 31 141 142 138 98 130 94 28 30 39 33 95 35 37 12 69 86 10 82 84 20 99 66 54 32 25 90 55 85 127 45 150 27 52 6 87 80 117 60 53 4 18 47 105 70 143 108 77 104 34 124 71 64 101 40 23 103 19 43 51 38 100 74 5 121 58 116 129 15 92 56 62 11 3 97 63 107 109 44 147 76 114 140 91 144 42 137 59 119 88 16 111 9 115 21 24 118 26 148 75 2 110 145 136 113 68 61 93 46 22 128 112 131 57 126 49 146 89 7 134 14 73 72 120 81 67 106 96 13 123 133 102 48 139 17 125 78 135 122 50 151 36 152 
Cost: 834
410.38 seconds
Bounds: [834.0,834.0]
Optimality Gap: 0.0%
Data: 834.0,834.0,0.0
410.38 seconds
