File Name: n150w20.004.txt
Makespan Objective: false
Peel Setting: maximal
Max Width: 2048
Variety Search Width: 100
Parallel: false
Threads: 1
Time Limit (seconds): 3600
Memory Limit (GB): 640.0
Initial Solution:
Sequence: 1 49 20 3 72 56 7 124 26 118 94 100 143 23 104 38 15 50 149 84 115 46 140 87 60 79 125 144 137 108 61 130 150 129 24 114 134 64 106 101 25 98 11 103 4 95 86 43 109 81 33 145 138 30 111 93 13 54 136 19 12 63 128 132 88 131 53 92 32 28 59 146 48 80 107 97 45 62 2 102 67 52 21 58 120 89 122 83 17 39 90 105 31 116 133 148 57 9 68 76 82 71 65 147 42 91 77 29 121 139 123 117 70 35 16 37 8 47 135 69 112 41 110 126 44 34 5 113 73 36 14 142 74 66 18 27 141 51 127 10 96 85 78 40 6 119 75 55 151 22 99 152 
Cost: 879
50.17 seconds
Bounds: [704.0,879.0]
Optimality Gap: 19.91%
Data: 704.0,879.0,19.91
133.51 seconds
Nodes In Queue: 1
Improved Solution:
Sequence: 1 49 3 20 72 56 7 124 26 118 143 100 94 23 104 38 15 149 50 84 115 46 140 87 60 79 125 144 108 137 61 130 150 129 24 114 134 64 25 101 106 98 11 103 4 95 86 43 109 81 33 30 138 145 111 93 13 54 136 19 12 63 128 132 88 131 53 92 32 28 59 146 48 80 107 97 45 62 2 102 67 52 21 58 120 122 89 83 17 39 90 105 31 116 133 148 57 9 68 82 76 71 65 147 42 91 77 29 121 139 123 117 70 35 16 37 8 47 135 69 112 41 110 126 44 34 5 113 73 36 14 142 74 51 66 141 27 18 96 127 10 85 78 40 6 119 75 55 151 22 99 152 
Cost: 878
Bounds: [819.0,878.0]
Optimality Gap: 6.72%
Data: 819.0,878.0,6.72
294.47 seconds
Nodes In Queue: 2
Improved Solution:
Sequence: 1 49 3 20 72 56 7 124 26 118 143 100 94 23 104 38 15 149 50 84 115 46 140 87 60 79 125 144 108 137 61 130 150 129 24 114 134 64 106 101 25 98 11 103 4 86 95 43 109 81 33 145 138 111 30 93 13 54 136 19 12 63 128 132 88 131 53 92 32 28 59 146 48 80 107 97 45 62 2 102 67 52 21 58 120 89 122 83 17 39 90 105 31 116 133 148 57 9 68 76 82 71 65 147 42 91 77 29 121 139 123 117 70 35 16 37 8 47 135 112 69 41 110 126 44 34 5 113 73 36 14 142 74 51 66 141 27 18 96 127 10 85 78 40 6 119 75 55 151 22 99 152 
Cost: 873
Bounds: [823.0,873.0]
Optimality Gap: 5.7299999999999995%
Data: 823.0,873.0,5.7299999999999995
320.06 seconds
Nodes In Queue: 1
Optimal Solution Found:
Sequence: 1 49 3 20 72 56 7 124 26 118 143 100 94 23 104 38 15 149 50 84 115 46 140 87 60 79 125 144 108 137 61 130 150 129 24 114 134 64 106 101 25 98 11 103 4 86 95 43 109 81 33 145 138 111 30 93 13 54 136 19 12 63 128 132 88 131 53 92 32 28 59 146 48 80 107 97 45 62 2 102 67 52 21 58 120 89 122 83 17 39 90 105 31 116 133 148 57 9 68 76 82 71 65 147 42 91 77 29 121 139 123 117 70 35 16 37 8 47 135 112 69 41 110 126 44 34 5 113 73 36 14 142 74 51 66 141 27 18 96 127 10 85 78 40 6 119 75 55 151 22 99 152 
Cost: 873
343.26 seconds
Bounds: [873.0,873.0]
Optimality Gap: 0.0%
Data: 873.0,873.0,0.0
343.26 seconds
