File Name: n150w20.005.txt
Makespan Objective: false
Peel Setting: maximal
Max Width: 2048
Variety Search Width: 100
Parallel: false
Threads: 1
Time Limit (seconds): 3600
Memory Limit (GB): 640.0
Initial Solution:
Sequence: 1 107 32 65 12 120 118 147 133 104 136 5 16 62 88 63 73 28 8 19 48 101 35 84 116 66 106 30 29 75 11 54 121 24 90 143 74 150 109 6 145 3 56 112 140 99 13 34 25 102 27 82 39 98 76 135 87 77 40 59 81 97 113 26 31 61 18 68 44 60 45 138 141 91 46 21 37 69 23 126 146 92 53 131 117 103 83 57 64 67 125 20 41 132 71 55 100 72 17 9 130 122 96 22 15 86 7 47 149 10 110 51 58 129 128 2 42 134 50 14 79 105 49 137 70 85 78 123 124 111 52 80 139 95 93 94 127 115 43 108 38 89 144 119 36 114 4 148 33 151 142 152 
Cost: 846
48.64 seconds
Bounds: [508.0,846.0]
Optimality Gap: 39.95%
Data: 508.0,846.0,39.95
235.43 seconds
Nodes In Queue: 1
Bounds: [733.0,846.0]
Optimality Gap: 13.36%
Data: 733.0,846.0,13.36
359.04 seconds
Nodes In Queue: 1
Bounds: [844.0,846.0]
Optimality Gap: 0.24%
Data: 844.0,846.0,0.24
401.54 seconds
Nodes In Queue: 1
Optimal Solution Found:
Sequence: 1 107 32 65 12 120 118 147 133 104 136 5 16 62 88 63 73 28 8 19 48 101 35 84 116 66 106 30 29 75 11 54 121 24 90 143 74 150 109 6 145 3 56 112 140 99 13 34 25 102 27 82 39 98 76 135 87 77 40 59 81 97 113 26 31 61 18 68 44 60 45 138 141 91 46 21 37 69 23 126 146 92 53 131 117 103 83 57 64 67 125 20 41 132 71 55 100 72 17 9 130 122 96 22 15 86 7 47 149 10 110 51 58 129 128 2 42 134 50 14 79 105 49 137 70 85 78 123 124 111 52 80 139 95 93 94 127 115 43 108 38 89 144 119 36 114 4 148 33 151 142 152 
Cost: 846
423.04 seconds
Bounds: [846.0,846.0]
Optimality Gap: 0.0%
Data: 846.0,846.0,0.0
423.04 seconds
