File Name: n150w40.001.txt
Makespan Objective: false
Peel Setting: maximal
Max Width: 2048
Variety Search Width: 100
Parallel: false
Threads: 1
Time Limit (seconds): 3600
Memory Limit (GB): 640.0
40.29 seconds
Bounds: [520.0,NA]
Data: 520.0,9223372036854775807,100.0
100.24 seconds
Improved Solution:
Sequence: 1 41 31 110 143 103 81 73 20 113 13 148 125 118 9 139 106 117 49 29 47 87 62 104 134 21 16 42 150 114 56 36 119 121 24 37 64 2 3 14 51 22 28 83 58 72 97 26 78 39 94 33 10 141 109 105 38 107 65 34 112 138 6 145 67 50 88 30 74 93 55 17 146 23 92 147 11 61 70 35 46 132 120 7 69 135 124 45 68 82 102 66 98 89 122 84 100 18 59 27 25 80 142 40 137 101 140 75 116 85 131 48 57 63 15 32 86 149 43 53 44 77 96 128 111 115 133 91 126 8 129 71 136 60 19 144 99 127 52 79 76 130 12 95 90 4 5 123 108 151 54 152 
Cost: 930
Bounds: [520.0,930.0]
Optimality Gap: 44.09%
Data: 520.0,930.0,44.09
140.95 seconds
Improved Solution:
Sequence: 1 41 31 110 143 103 81 73 113 13 20 148 125 118 9 139 106 117 49 29 47 87 134 21 16 62 104 42 150 114 56 36 119 121 24 37 64 2 3 14 51 22 28 83 58 72 97 26 78 39 94 10 33 141 109 105 38 107 65 67 145 6 34 112 138 50 88 30 74 93 55 17 146 23 92 147 11 70 61 132 46 35 120 7 69 135 124 45 68 82 102 98 89 66 122 84 100 18 59 25 27 80 142 40 137 101 140 75 63 116 85 131 48 57 15 86 32 149 43 53 44 77 96 128 111 115 133 91 126 8 129 71 136 60 19 144 99 127 52 79 76 130 12 95 90 4 5 123 108 151 54 152 
Cost: 928
Bounds: [520.0,928.0]
Optimality Gap: 43.97%
Data: 520.0,928.0,43.97
163.08 seconds
Nodes In Queue: 1
Bounds: [620.0,928.0]
Optimality Gap: 33.19%
Data: 620.0,928.0,33.19
518.06 seconds
Nodes In Queue: 2
Bounds: [624.0,928.0]
Optimality Gap: 32.76%
Data: 624.0,928.0,32.76
678.39 seconds
Nodes In Queue: 2
Bounds: [748.0,928.0]
Optimality Gap: 19.400000000000002%
Data: 748.0,928.0,19.400000000000002
838.54 seconds
Nodes In Queue: 2
Improved Solution:
Sequence: 1 41 31 110 143 103 81 73 113 13 20 148 125 118 9 139 106 117 49 29 47 87 62 104 134 21 16 42 150 114 56 36 119 121 24 37 64 2 3 14 51 22 28 83 58 72 97 26 78 39 94 33 10 141 109 105 38 107 65 67 145 6 34 112 138 50 88 30 74 93 55 17 146 23 92 147 61 11 70 35 46 132 120 7 69 135 124 45 68 82 102 66 98 89 122 84 100 18 59 27 25 80 142 40 137 101 140 75 116 85 131 48 57 63 15 32 86 149 43 53 44 77 96 128 111 115 133 91 126 8 129 71 136 60 19 144 99 127 52 79 76 130 12 95 90 4 5 123 108 151 54 152 
Cost: 919
Bounds: [794.0,919.0]
Optimality Gap: 13.600000000000001%
Data: 794.0,919.0,13.600000000000001
1319.21 seconds
Nodes In Queue: 4
Bounds: [799.0,919.0]
Optimality Gap: 13.059999999999999%
Data: 799.0,919.0,13.059999999999999
1548.63 seconds
Nodes In Queue: 5
Bounds: [800.0,919.0]
Optimality Gap: 12.950000000000001%
Data: 800.0,919.0,12.950000000000001
1754.62 seconds
Nodes In Queue: 6
Bounds: [801.0,919.0]
Optimality Gap: 12.839999999999998%
Data: 801.0,919.0,12.839999999999998
1971.52 seconds
Nodes In Queue: 7
Bounds: [810.0,919.0]
Optimality Gap: 11.86%
Data: 810.0,919.0,11.86
2176.98 seconds
Nodes In Queue: 8
