File Name: n200w20.001.txt
Makespan Objective: false
Peel Setting: maximal
Max Width: 2048
Variety Search Width: 100
Parallel: false
Threads: 1
Time Limit (seconds): 3600
Memory Limit (GB): 640.0
Initial Solution:
Sequence: 1 107 61 25 35 26 174 24 135 136 85 75 97 38 110 128 50 16 117 185 130 198 2 21 115 139 77 113 144 108 131 184 137 60 51 56 47 54 98 105 90 42 10 173 52 44 19 9 74 57 194 3 129 114 96 87 187 106 157 172 59 65 28 109 62 30 88 23 120 100 118 183 53 159 37 167 197 124 68 48 12 7 79 160 31 127 82 148 32 196 169 39 76 178 64 149 175 123 103 200 34 67 191 33 180 189 69 140 17 119 112 91 181 78 49 168 14 195 101 133 8 70 95 111 94 182 73 11 147 72 158 141 84 4 122 80 163 177 83 81 138 151 121 102 18 66 153 104 89 143 165 126 46 152 199 13 20 55 27 162 154 193 170 176 58 92 166 71 5 132 164 40 15 155 86 188 179 22 116 41 146 43 150 145 190 36 63 171 45 99 142 93 192 125 134 186 161 156 6 201 29 202 
Cost: 1025
108.37 seconds
Bounds: [575.0,1025.0]
Optimality Gap: 43.9%
Data: 575.0,1025.0,43.9
629.62 seconds
Nodes In Queue: 1
Bounds: [848.0,1025.0]
Optimality Gap: 17.27%
Data: 848.0,1025.0,17.27
1139.29 seconds
Nodes In Queue: 2
Bounds: [850.0,1025.0]
Optimality Gap: 17.07%
Data: 850.0,1025.0,17.07
1433.33 seconds
Nodes In Queue: 3
Bounds: [932.0,1025.0]
Optimality Gap: 9.07%
Data: 932.0,1025.0,9.07
1719.88 seconds
Nodes In Queue: 4
Bounds: [934.0,1025.0]
Optimality Gap: 8.88%
Data: 934.0,1025.0,8.88
1898.67 seconds
Nodes In Queue: 5
Bounds: [936.0,1025.0]
Optimality Gap: 8.68%
Data: 936.0,1025.0,8.68
2061.91 seconds
Nodes In Queue: 6
Bounds: [937.0,1025.0]
Optimality Gap: 8.59%
Data: 937.0,1025.0,8.59
2243.56 seconds
Nodes In Queue: 7
Bounds: [967.0,1025.0]
Optimality Gap: 5.66%
Data: 967.0,1025.0,5.66
2406.08 seconds
Nodes In Queue: 8
Improved Solution:
Sequence: 1 107 61 25 35 26 24 174 135 136 85 75 97 38 110 128 50 16 117 185 130 198 2 21 115 139 77 113 144 108 131 184 137 60 51 56 47 54 98 105 90 42 10 9 173 52 44 19 74 57 194 3 129 87 187 96 114 106 157 172 59 65 109 28 62 30 88 23 100 120 53 183 118 159 37 167 197 124 48 68 12 7 79 160 31 127 82 148 32 196 169 39 178 76 149 64 175 123 103 200 34 67 191 33 119 17 140 69 189 180 112 91 181 78 49 168 14 195 101 133 8 70 95 111 94 182 73 11 147 72 158 141 84 4 122 80 163 177 83 81 138 151 121 102 18 66 153 104 89 143 165 126 46 152 199 55 20 13 27 162 154 193 170 176 58 92 166 71 5 132 164 15 155 40 86 188 179 22 116 41 146 43 150 145 190 36 63 171 45 99 142 93 192 125 134 186 161 156 6 201 29 202 
Cost: 1019
Bounds: [969.0,1019.0]
Optimality Gap: 4.91%
Data: 969.0,1019.0,4.91
2453.04 seconds
Nodes In Queue: 7
Bounds: [971.0,1019.0]
Optimality Gap: 4.71%
Data: 971.0,1019.0,4.71
2533.49 seconds
Nodes In Queue: 5
Bounds: [972.0,1019.0]
Optimality Gap: 4.61%
Data: 972.0,1019.0,4.61
2579.5 seconds
Nodes In Queue: 4
Bounds: [973.0,1019.0]
Optimality Gap: 4.51%
Data: 973.0,1019.0,4.51
2616.67 seconds
Nodes In Queue: 3
Bounds: [974.0,1019.0]
Optimality Gap: 4.42%
Data: 974.0,1019.0,4.42
2704.39 seconds
Nodes In Queue: 1
Optimal Solution Found:
Sequence: 1 107 61 25 35 26 24 174 135 136 85 75 97 38 110 128 50 16 117 185 130 198 2 21 115 139 77 113 144 108 131 184 137 60 51 56 47 54 98 105 90 42 10 9 173 52 44 19 74 57 194 3 129 87 187 96 114 106 157 172 59 65 109 28 62 30 88 23 100 120 53 183 118 159 37 167 197 124 48 68 12 7 79 160 31 127 82 148 32 196 169 39 178 76 149 64 175 123 103 200 34 67 191 33 119 17 140 69 189 180 112 91 181 78 49 168 14 195 101 133 8 70 95 111 94 182 73 11 147 72 158 141 84 4 122 80 163 177 83 81 138 151 121 102 18 66 153 104 89 143 165 126 46 152 199 55 20 13 27 162 154 193 170 176 58 92 166 71 5 132 164 15 155 40 86 188 179 22 116 41 146 43 150 145 190 36 63 171 45 99 142 93 192 125 134 186 161 156 6 201 29 202 
Cost: 1019
2739.07 seconds
Bounds: [1019.0,1019.0]
Optimality Gap: 0.0%
Data: 1019.0,1019.0,0.0
2739.07 seconds
