File Name: n200w20.002.txt
Makespan Objective: false
Peel Setting: maximal
Max Width: 2048
Variety Search Width: 100
Parallel: false
Threads: 1
Time Limit (seconds): 3600
Memory Limit (GB): 640.0
30.58 seconds
Bounds: [576.0,NA]
Data: 576.0,9223372036854775807,100.0
85.41 seconds
Improved Solution:
Sequence: 1 33 187 28 39 8 193 50 48 10 6 197 25 153 101 139 22 74 119 125 3 186 158 34 176 92 185 16 183 184 2 72 23 110 67 112 91 17 188 173 71 27 80 180 189 104 106 148 157 140 168 156 89 120 166 123 76 54 68 165 47 172 175 15 116 164 90 129 84 43 86 111 38 81 97 94 35 7 132 135 75 127 45 114 154 12 46 142 117 131 138 151 146 145 199 103 49 196 62 58 192 109 14 87 79 32 59 152 190 163 177 9 93 60 182 73 29 133 144 130 37 126 19 162 171 141 78 51 44 122 61 30 136 200 181 70 42 170 191 98 194 36 41 26 198 113 108 5 121 161 124 63 115 150 137 95 118 66 24 174 64 99 100 69 21 82 134 56 107 31 169 85 57 143 102 88 83 55 65 149 11 160 18 128 52 147 155 13 179 105 195 53 96 20 178 77 40 4 201 159 167 202 
Cost: 1016
Bounds: [576.0,1016.0]
Optimality Gap: 43.309999999999995%
Data: 576.0,1016.0,43.309999999999995
130.31 seconds
Nodes In Queue: 1
Bounds: [798.0,1016.0]
Optimality Gap: 21.46%
Data: 798.0,1016.0,21.46
295.75 seconds
Nodes In Queue: 1
Bounds: [953.0,1016.0]
Optimality Gap: 6.2%
Data: 953.0,1016.0,6.2
462.73 seconds
Nodes In Queue: 2
Improved Solution:
Sequence: 1 33 187 28 39 8 193 50 48 10 6 197 25 153 101 139 22 74 119 125 186 3 158 34 176 92 185 16 183 184 2 72 110 23 67 112 91 17 188 173 71 27 80 180 189 104 106 148 157 140 168 156 89 120 166 123 76 54 68 47 165 172 175 90 164 116 15 129 84 43 86 111 38 97 94 7 81 35 132 135 75 127 45 114 154 12 46 142 117 131 138 146 151 145 199 103 49 196 62 58 192 109 14 87 152 32 59 60 79 190 177 163 93 9 73 182 29 133 144 130 37 126 19 141 171 162 78 136 51 44 122 30 61 70 200 181 42 170 191 98 41 194 26 36 198 113 108 5 121 115 161 63 150 124 137 95 118 66 174 24 64 99 100 69 21 31 134 82 56 107 169 143 57 85 102 88 83 55 65 149 160 11 18 128 147 52 105 179 13 155 195 53 20 178 96 77 40 4 201 159 167 202 
Cost: 1010
Bounds: [955.0,1010.0]
Optimality Gap: 5.45%
Data: 955.0,1010.0,5.45
529.64 seconds
Nodes In Queue: 2
Bounds: [971.0,1010.0]
Optimality Gap: 3.8600000000000003%
Data: 971.0,1010.0,3.8600000000000003
640.91 seconds
Nodes In Queue: 3
Improved Solution:
Sequence: 1 33 187 28 39 8 193 50 48 10 6 197 25 153 101 139 22 74 119 125 186 3 158 34 176 92 185 16 183 184 2 72 23 110 67 112 91 17 188 173 71 27 80 180 189 104 106 148 157 140 168 156 89 120 166 123 76 54 68 165 47 172 175 15 164 116 90 129 84 43 86 111 38 81 97 94 7 35 132 135 75 127 45 114 154 12 46 142 117 131 138 146 151 145 199 103 49 196 62 58 192 109 14 87 79 32 59 60 152 190 177 163 93 9 73 182 29 133 144 130 37 126 19 141 171 162 78 136 51 44 122 30 61 70 200 181 42 170 191 98 41 194 36 198 26 113 108 5 121 115 161 63 150 124 137 95 118 66 174 24 64 99 100 69 21 31 134 82 56 107 169 143 57 85 102 88 83 55 65 149 160 11 18 128 147 52 105 179 13 155 195 53 20 178 96 77 40 4 201 159 167 202 
Cost: 1000
Bounds: [971.0,1000.0]
Optimality Gap: 2.9000000000000004%
Data: 971.0,1000.0,2.9000000000000004
3625.35 seconds
Nodes In Queue: 29
