File Name: n200w20.003.txt
Makespan Objective: false
Peel Setting: maximal
Max Width: 2048
Variety Search Width: 100
Parallel: false
Threads: 1
Time Limit (seconds): 3600
Memory Limit (GB): 640.0
23.09 seconds
Bounds: [745.0,NA]
Data: 745.0,9223372036854775807,100.0
99.47 seconds
Improved Solution:
Sequence: 1 32 179 39 186 174 49 98 83 84 41 188 156 161 195 166 30 63 124 121 107 55 178 102 90 144 48 170 192 158 76 62 72 197 92 100 196 106 163 52 159 146 185 22 7 198 17 119 73 190 99 69 140 103 116 23 177 88 28 59 57 154 97 50 60 109 118 15 110 131 153 10 56 133 167 13 187 141 113 89 9 137 71 115 96 70 132 78 74 184 14 93 136 51 25 8 111 101 120 112 24 77 85 183 105 173 168 58 180 64 200 42 193 157 43 54 91 128 108 16 130 114 37 172 139 155 145 122 175 19 2 129 38 171 12 27 82 135 40 151 44 152 36 127 47 104 182 45 53 6 160 123 194 3 79 87 68 35 149 148 80 5 191 18 126 75 31 147 143 134 150 66 169 65 176 21 61 95 138 162 189 86 26 33 11 181 142 94 34 199 29 164 4 46 81 67 165 117 201 20 125 202 
Cost: 1058
Bounds: [745.0,1058.0]
Optimality Gap: 29.580000000000002%
Data: 745.0,1058.0,29.580000000000002
138.56 seconds
Nodes In Queue: 1
Bounds: [857.0,1058.0]
Optimality Gap: 19.0%
Data: 857.0,1058.0,19.0
405.37 seconds
Nodes In Queue: 2
Bounds: [918.0,1058.0]
Optimality Gap: 13.23%
Data: 918.0,1058.0,13.23
694.74 seconds
Nodes In Queue: 4
Bounds: [919.0,1058.0]
Optimality Gap: 13.139999999999999%
Data: 919.0,1058.0,13.139999999999999
799.27 seconds
Nodes In Queue: 5
Bounds: [920.0,1058.0]
Optimality Gap: 13.04%
Data: 920.0,1058.0,13.04
1014.53 seconds
Nodes In Queue: 7
Bounds: [1009.0,1058.0]
Optimality Gap: 4.63%
Data: 1009.0,1058.0,4.63
1122.02 seconds
Nodes In Queue: 8
Improved Solution:
Sequence: 1 32 179 39 186 174 49 98 83 84 41 188 156 161 195 166 30 63 124 121 107 55 178 102 90 144 48 192 158 170 76 62 72 197 92 100 196 163 106 146 159 52 185 22 7 198 17 119 73 190 99 69 140 103 23 116 177 88 28 59 57 154 50 97 60 109 110 15 118 131 153 10 56 133 167 9 13 137 187 89 141 113 96 71 115 70 78 74 184 132 14 93 136 51 25 8 111 120 101 112 24 77 85 183 105 168 173 180 64 58 200 42 193 157 128 43 54 91 108 16 130 114 172 37 139 155 145 122 175 19 2 129 38 171 12 27 135 40 82 151 44 36 152 127 47 182 104 53 6 45 160 123 194 3 79 87 68 35 149 148 80 5 191 18 126 75 31 147 143 134 66 150 169 65 176 21 61 95 138 162 189 86 26 33 11 181 142 94 34 199 29 164 4 46 81 67 165 201 117 20 125 202 
Cost: 1050
Bounds: [1010.0,1050.0]
Optimality Gap: 3.81%
Data: 1010.0,1050.0,3.81
1150.57 seconds
Nodes In Queue: 7
Bounds: [1011.0,1050.0]
Optimality Gap: 3.71%
Data: 1011.0,1050.0,3.71
1176.2 seconds
Nodes In Queue: 6
Bounds: [1022.0,1050.0]
Optimality Gap: 2.67%
Data: 1022.0,1050.0,2.67
1228.28 seconds
Nodes In Queue: 4
Bounds: [1032.0,1050.0]
Optimality Gap: 1.71%
Data: 1032.0,1050.0,1.71
1282.38 seconds
Nodes In Queue: 2
Bounds: [1034.0,1050.0]
Optimality Gap: 1.52%
Data: 1034.0,1050.0,1.52
1307.0 seconds
Nodes In Queue: 1
Optimal Solution Found:
Sequence: 1 32 179 39 186 174 49 98 83 84 41 188 156 161 195 166 30 63 124 121 107 55 178 102 90 144 48 192 158 170 76 62 72 197 92 100 196 163 106 146 159 52 185 22 7 198 17 119 73 190 99 69 140 103 23 116 177 88 28 59 57 154 50 97 60 109 110 15 118 131 153 10 56 133 167 9 13 137 187 89 141 113 96 71 115 70 78 74 184 132 14 93 136 51 25 8 111 120 101 112 24 77 85 183 105 168 173 180 64 58 200 42 193 157 128 43 54 91 108 16 130 114 172 37 139 155 145 122 175 19 2 129 38 171 12 27 135 40 82 151 44 36 152 127 47 182 104 53 6 45 160 123 194 3 79 87 68 35 149 148 80 5 191 18 126 75 31 147 143 134 66 150 169 65 176 21 61 95 138 162 189 86 26 33 11 181 142 94 34 199 29 164 4 46 81 67 165 201 117 20 125 202 
Cost: 1050
1330.33 seconds
Bounds: [1050.0,1050.0]
Optimality Gap: 0.0%
Data: 1050.0,1050.0,0.0
1330.33 seconds
