File Name: n200w20.004.txt
Makespan Objective: false
Peel Setting: maximal
Max Width: 2048
Variety Search Width: 100
Parallel: false
Threads: 1
Time Limit (seconds): 3600
Memory Limit (GB): 640.0
48.21 seconds
Bounds: [556.0,NA]
Data: 556.0,9223372036854775807,100.0
177.2 seconds
Improved Solution:
Sequence: 1 45 162 93 69 132 9 193 89 157 163 30 129 125 56 77 183 168 131 143 161 191 142 95 121 118 100 36 180 109 197 50 52 112 97 81 6 175 114 66 64 17 8 119 88 33 187 86 148 103 46 83 7 62 158 116 44 98 194 92 156 135 76 188 27 74 11 139 150 160 159 16 39 55 3 174 73 198 110 72 138 54 43 165 23 177 25 34 108 82 145 113 63 166 75 123 61 24 106 31 134 78 65 84 38 41 173 79 67 107 60 122 105 85 29 37 141 164 47 190 15 147 111 2 146 99 196 151 144 13 26 179 5 154 167 94 182 136 32 149 186 189 57 51 137 140 120 184 126 70 185 115 22 127 58 18 42 48 59 130 102 14 199 20 19 170 169 124 153 71 68 101 104 4 133 10 152 90 117 128 171 49 53 192 96 176 40 35 12 21 200 80 195 181 178 87 172 155 91 201 28 202 
Cost: 998
Bounds: [556.0,998.0]
Optimality Gap: 44.29%
Data: 556.0,998.0,44.29
240.81 seconds
Nodes In Queue: 1
Bounds: [750.0,998.0]
Optimality Gap: 24.85%
Data: 750.0,998.0,24.85
790.89 seconds
Nodes In Queue: 2
Bounds: [751.0,998.0]
Optimality Gap: 24.75%
Data: 751.0,998.0,24.75
1068.97 seconds
Nodes In Queue: 3
Bounds: [914.0,998.0]
Optimality Gap: 8.42%
Data: 914.0,998.0,8.42
1360.15 seconds
Nodes In Queue: 4
Bounds: [915.0,998.0]
Optimality Gap: 8.32%
Data: 915.0,998.0,8.32
1521.53 seconds
Nodes In Queue: 5
Bounds: [916.0,998.0]
Optimality Gap: 8.219999999999999%
Data: 916.0,998.0,8.219999999999999
1683.9 seconds
Nodes In Queue: 6
Bounds: [917.0,998.0]
Optimality Gap: 8.12%
Data: 917.0,998.0,8.12
1843.34 seconds
Nodes In Queue: 7
Bounds: [967.0,998.0]
Optimality Gap: 3.11%
Data: 967.0,998.0,3.11
2004.73 seconds
Nodes In Queue: 8
Improved Solution:
Sequence: 1 69 162 93 45 132 9 193 89 157 163 30 129 125 56 77 183 168 131 143 191 142 95 161 109 180 121 118 100 36 197 50 52 81 97 112 6 175 114 66 64 17 8 119 88 33 187 148 86 103 46 83 7 62 158 116 44 98 194 92 156 76 135 188 27 74 11 139 160 150 16 159 39 55 3 174 73 198 110 72 138 54 43 23 177 25 34 108 165 63 113 145 82 166 75 61 24 106 123 31 134 78 65 84 38 41 79 67 173 107 122 60 105 85 29 37 141 164 47 190 15 111 147 2 99 146 196 151 154 144 13 5 94 179 26 167 182 136 32 149 186 57 137 189 51 140 184 120 126 70 185 115 22 127 58 48 42 18 59 130 102 14 199 20 19 170 169 124 153 71 68 101 104 4 133 10 90 152 117 128 171 49 53 192 96 176 40 35 12 21 200 80 195 181 178 87 172 155 91 201 28 202 
Cost: 987
Bounds: [967.0,987.0]
Optimality Gap: 2.03%
Data: 967.0,987.0,2.03
2049.18 seconds
Nodes In Queue: 7
Bounds: [968.0,987.0]
Optimality Gap: 1.9300000000000002%
Data: 968.0,987.0,1.9300000000000002
2093.53 seconds
Nodes In Queue: 6
Improved Solution:
Sequence: 1 45 93 162 69 132 9 193 89 157 163 30 129 125 56 77 183 168 131 143 161 191 142 95 121 118 100 36 180 109 197 50 52 97 81 112 6 175 66 114 64 17 8 119 88 33 187 86 148 103 46 83 7 62 158 116 44 98 194 92 156 76 135 188 27 74 11 139 160 150 16 159 39 55 3 174 73 198 110 72 138 54 43 165 23 34 25 177 108 82 145 113 63 166 75 123 106 24 61 31 134 78 65 84 38 41 79 67 173 107 122 60 105 85 29 37 141 164 47 190 15 111 147 2 146 99 196 151 154 144 13 5 179 167 26 94 136 182 32 149 186 57 189 51 137 140 120 184 126 70 115 185 22 127 58 48 42 18 59 130 102 14 199 20 19 170 169 124 153 71 68 104 101 4 133 10 90 152 117 49 171 128 53 192 96 176 40 35 12 21 200 80 195 181 178 87 172 155 91 201 28 202 
Cost: 984
Bounds: [968.0,984.0]
Optimality Gap: 1.63%
Data: 968.0,984.0,1.63
2138.56 seconds
Nodes In Queue: 5
Bounds: [969.0,984.0]
Optimality Gap: 1.52%
Data: 969.0,984.0,1.52
2183.43 seconds
Nodes In Queue: 4
Bounds: [970.0,984.0]
Optimality Gap: 1.4200000000000002%
Data: 970.0,984.0,1.4200000000000002
2272.52 seconds
Nodes In Queue: 2
Optimal Solution Found:
Sequence: 1 45 93 162 69 132 9 193 89 157 163 30 129 125 56 77 183 168 131 143 161 191 142 95 121 118 100 36 180 109 197 50 52 97 81 112 6 175 66 114 64 17 8 119 88 33 187 86 148 103 46 83 7 62 158 116 44 98 194 92 156 76 135 188 27 74 11 139 160 150 16 159 39 55 3 174 73 198 110 72 138 54 43 165 23 34 25 177 108 82 145 113 63 166 75 123 106 24 61 31 134 78 65 84 38 41 79 67 173 107 122 60 105 85 29 37 141 164 47 190 15 111 147 2 146 99 196 151 154 144 13 5 179 167 26 94 136 182 32 149 186 57 189 51 137 140 120 184 126 70 115 185 22 127 58 48 42 18 59 130 102 14 199 20 19 170 169 124 153 71 68 104 101 4 133 10 90 152 117 49 171 128 53 192 96 176 40 35 12 21 200 80 195 181 178 87 172 155 91 201 28 202 
Cost: 984
2360.97 seconds
Bounds: [984.0,984.0]
Optimality Gap: 0.0%
Data: 984.0,984.0,0.0
2360.97 seconds
