File Name: n200w20.005.txt
Makespan Objective: false
Peel Setting: maximal
Max Width: 2048
Variety Search Width: 100
Parallel: false
Threads: 1
Time Limit (seconds): 3600
Memory Limit (GB): 640.0
34.16 seconds
Bounds: [598.0,NA]
Data: 598.0,9223372036854775807,100.0
134.23 seconds
Nodes In Queue: 1
Bounds: [868.0,NA]
Data: 868.0,9223372036854775807,100.0
274.94 seconds
Nodes In Queue: 1
Bounds: [936.0,NA]
Data: 936.0,9223372036854775807,100.0
353.73 seconds
Nodes In Queue: 1
Bounds: [1015.0,NA]
Data: 1015.0,9223372036854775807,100.0
412.98 seconds
Nodes In Queue: 1
Optimal Solution Found:
Sequence: 1 21 155 87 37 153 56 140 114 137 146 33 189 121 90 180 192 86 152 171 160 102 115 70 143 132 59 40 182 44 200 109 154 27 119 181 91 142 82 128 13 73 84 179 113 74 157 75 117 144 80 14 175 18 178 101 43 38 150 177 9 196 170 16 68 149 191 57 167 165 25 51 23 135 47 17 89 3 131 4 172 186 2 54 164 176 120 77 94 7 76 116 66 5 61 183 156 163 110 129 34 88 173 11 123 108 199 188 151 97 112 8 193 30 95 35 64 60 45 28 96 169 48 52 81 133 72 93 92 49 79 85 136 147 185 71 41 83 12 22 118 65 106 127 58 103 197 67 195 69 19 6 198 161 31 24 124 104 105 148 184 26 39 122 36 29 166 62 174 55 168 42 190 187 98 50 99 126 32 145 63 134 139 125 15 53 20 141 194 78 100 46 111 162 10 159 107 138 130 201 158 202 
Cost: 1020
445.04 seconds
Bounds: [1020.0,1020.0]
Optimality Gap: 0.0%
Data: 1020.0,1020.0,0.0
445.04 seconds
