File Name: n200w40.001.txt
Makespan Objective: false
Peel Setting: maximal
Max Width: 2048
Variety Search Width: 100
Parallel: false
Threads: 1
Time Limit (seconds): 3600
Memory Limit (GB): 640.0
41.06 seconds
Bounds: [494.0,NA]
Data: 494.0,9223372036854775807,100.0
170.13 seconds
Improved Solution:
Sequence: 1 47 32 59 113 173 119 127 187 91 85 55 158 184 56 76 115 7 154 101 142 175 105 10 167 73 168 196 66 8 112 128 159 61 200 157 191 132 116 52 75 183 194 156 143 70 161 38 19 39 165 20 6 78 100 99 21 83 109 28 135 18 35 15 64 27 13 148 94 62 177 144 125 92 198 185 169 190 192 188 77 145 16 33 126 140 23 22 81 34 139 118 90 160 68 46 164 122 170 44 53 123 106 11 134 199 149 179 30 40 147 54 195 84 50 151 166 174 67 95 93 88 89 172 58 60 25 80 155 82 104 43 197 153 182 97 138 103 108 3 86 152 180 26 186 57 96 69 45 51 2 17 65 24 162 48 178 111 12 150 163 79 121 42 114 74 120 189 146 193 49 181 72 37 87 9 102 171 63 71 29 124 98 31 36 107 141 131 133 137 129 117 41 136 14 4 5 130 201 176 110 202 
Cost: 1038
Bounds: [494.0,1038.0]
Optimality Gap: 52.410000000000004%
Data: 494.0,1038.0,52.410000000000004
253.46 seconds
Nodes In Queue: 1
Bounds: [605.0,1038.0]
Optimality Gap: 41.71%
Data: 605.0,1038.0,41.71
987.49 seconds
Nodes In Queue: 2
Bounds: [608.0,1038.0]
Optimality Gap: 41.43%
Data: 608.0,1038.0,41.43
1575.28 seconds
Nodes In Queue: 3
Bounds: [636.0,1038.0]
Optimality Gap: 38.73%
Data: 636.0,1038.0,38.73
2191.24 seconds
Nodes In Queue: 4
Bounds: [638.0,1038.0]
Optimality Gap: 38.54%
Data: 638.0,1038.0,38.54
2746.76 seconds
Nodes In Queue: 5
Bounds: [643.0,1038.0]
Optimality Gap: 38.05%
Data: 643.0,1038.0,38.05
3323.77 seconds
Nodes In Queue: 6
