File Name: n200w40.002.txt
Makespan Objective: false
Peel Setting: maximal
Max Width: 2048
Variety Search Width: 100
Parallel: false
Threads: 1
Time Limit (seconds): 3600
Memory Limit (GB): 640.0
Initial Solution:
Sequence: 1 78 174 84 86 44 66 129 26 39 2 57 175 92 16 69 149 41 199 35 185 103 152 141 62 5 196 162 109 21 68 83 36 111 120 168 121 197 172 146 40 200 130 54 22 13 159 148 45 51 55 125 112 94 93 32 15 187 67 65 8 119 105 11 179 29 101 147 100 131 49 10 71 124 80 24 70 126 87 177 37 6 139 117 160 18 188 61 191 116 195 43 110 132 77 27 167 115 161 140 95 165 107 72 30 123 176 91 154 82 118 138 90 85 64 53 3 81 73 114 58 151 20 144 33 181 193 153 7 75 133 128 183 143 98 79 170 19 127 106 158 97 89 59 4 74 42 50 96 12 17 136 190 47 88 169 56 76 134 34 182 198 38 104 135 156 31 46 166 173 157 180 60 163 9 63 189 102 113 155 23 108 25 171 186 192 122 145 184 14 137 194 164 52 48 99 28 178 201 150 142 202 
Cost: 1025
125.22 seconds
Bounds: [387.0,1025.0]
Optimality Gap: 62.239999999999995%
Data: 387.0,1025.0,62.239999999999995
1401.27 seconds
Improved Solution:
Sequence: 1 78 174 84 86 44 66 129 26 39 2 57 175 92 16 69 149 41 199 35 185 103 152 141 62 5 196 162 109 21 83 68 36 111 168 120 121 197 172 146 40 200 130 54 22 13 159 148 45 51 55 94 93 112 32 125 15 187 67 65 8 119 105 11 179 29 101 147 100 131 49 10 71 124 80 24 70 126 87 177 37 6 139 117 160 18 188 191 116 195 110 43 61 167 132 77 27 140 95 161 115 107 165 72 30 123 176 91 154 82 118 138 90 85 64 53 3 81 73 114 58 151 20 144 33 181 193 153 7 75 98 133 128 143 183 79 170 19 127 106 96 158 97 50 89 59 74 76 4 42 134 169 56 88 47 12 17 136 190 38 198 34 182 135 156 31 104 46 173 166 63 157 180 9 60 189 163 102 113 155 23 108 25 171 186 192 122 145 184 14 137 194 164 48 52 99 28 178 201 150 142 202 
Cost: 983
Bounds: [387.0,983.0]
Optimality Gap: 60.629999999999995%
Data: 387.0,983.0,60.629999999999995
1507.98 seconds
Nodes In Queue: 1
Bounds: [510.0,983.0]
Optimality Gap: 48.120000000000005%
Data: 510.0,983.0,48.120000000000005
2212.42 seconds
Nodes In Queue: 2
Bounds: [518.0,983.0]
Optimality Gap: 47.3%
Data: 518.0,983.0,47.3
2585.91 seconds
Nodes In Queue: 2
Bounds: [603.0,983.0]
Optimality Gap: 38.66%
Data: 603.0,983.0,38.66
2920.18 seconds
Nodes In Queue: 2
Bounds: [605.0,983.0]
Optimality Gap: 38.45%
Data: 605.0,983.0,38.45
3411.16 seconds
Nodes In Queue: 3
