File Name: n200w40.004.txt
Makespan Objective: false
Peel Setting: maximal
Max Width: 2048
Variety Search Width: 100
Parallel: false
Threads: 1
Time Limit (seconds): 3600
Memory Limit (GB): 640.0
20.51 seconds
Bounds: [524.0,NA]
Data: 524.0,9223372036854775807,100.0
192.32 seconds
Improved Solution:
Sequence: 1 188 36 120 42 54 6 69 109 137 48 73 25 148 174 114 2 185 12 24 80 168 142 143 144 93 192 65 68 184 46 133 63 67 8 104 199 119 76 190 37 50 94 27 131 55 171 181 159 116 66 165 160 58 127 83 196 121 128 154 153 51 124 100 151 170 57 103 112 102 113 163 169 22 167 38 15 140 32 28 41 62 19 29 88 145 195 177 194 117 90 166 87 115 141 126 200 11 61 157 35 40 180 49 96 147 182 138 135 106 60 23 21 34 164 161 59 26 53 129 122 79 99 173 98 74 125 31 197 152 146 33 156 178 78 136 107 3 172 91 89 183 189 139 123 134 20 64 110 176 84 85 198 111 97 86 5 175 101 43 193 39 186 47 77 72 162 45 4 81 70 52 71 150 16 7 18 75 30 44 108 14 191 187 56 17 92 149 82 13 10 105 155 130 118 179 9 132 201 158 95 202 
Cost: 1054
Bounds: [524.0,1054.0]
Optimality Gap: 50.28%
Data: 524.0,1054.0,50.28
251.15 seconds
Nodes In Queue: 1
Bounds: [647.0,1054.0]
Optimality Gap: 38.61%
Data: 647.0,1054.0,38.61
1070.36 seconds
Nodes In Queue: 2
Bounds: [648.0,1054.0]
Optimality Gap: 38.519999999999996%
Data: 648.0,1054.0,38.519999999999996
1894.37 seconds
Nodes In Queue: 3
Bounds: [713.0,1054.0]
Optimality Gap: 32.35%
Data: 713.0,1054.0,32.35
2359.97 seconds
Nodes In Queue: 3
Improved Solution:
Sequence: 1 188 36 120 42 54 6 69 109 48 137 73 25 148 174 114 2 185 12 24 80 168 142 143 144 93 192 68 65 46 184 133 63 8 67 104 199 119 76 190 37 50 94 27 131 55 171 181 159 116 66 165 160 58 127 83 196 128 121 154 153 51 124 100 151 170 57 103 112 102 163 113 169 22 167 38 15 140 32 28 88 29 19 62 41 145 195 177 194 117 90 166 87 115 141 126 200 11 61 157 40 180 49 96 182 147 138 135 35 21 106 60 23 34 164 161 59 53 26 129 122 79 173 98 74 125 99 31 197 152 33 156 178 146 107 136 78 3 172 91 183 189 84 89 139 123 85 20 134 64 110 176 111 198 97 86 193 43 101 5 175 39 186 47 77 72 162 45 81 4 70 52 71 150 16 7 18 75 30 44 108 14 191 187 82 149 92 56 17 10 13 105 155 130 118 179 9 132 201 158 95 202 
Cost: 1030
Bounds: [714.0,1030.0]
Optimality Gap: 30.680000000000003%
Data: 714.0,1030.0,30.680000000000003
2766.02 seconds
Nodes In Queue: 3
Bounds: [715.0,1030.0]
Optimality Gap: 30.580000000000002%
Data: 715.0,1030.0,30.580000000000002
3173.45 seconds
Nodes In Queue: 3
Bounds: [731.0,1030.0]
Optimality Gap: 29.03%
Data: 731.0,1030.0,29.03
3589.46 seconds
Nodes In Queue: 3
