File Name: n200w40.005.txt
Makespan Objective: false
Peel Setting: maximal
Max Width: 2048
Variety Search Width: 100
Parallel: false
Threads: 1
Time Limit (seconds): 3600
Memory Limit (GB): 640.0
71.76 seconds
Bounds: [461.0,NA]
Data: 461.0,9223372036854775807,100.0
234.48 seconds
Improved Solution:
Sequence: 1 105 93 9 106 171 4 77 146 113 137 170 117 143 75 193 107 68 26 44 85 132 3 43 28 37 54 63 31 122 182 174 82 73 126 150 39 200 50 160 165 111 194 41 96 16 55 164 101 153 87 25 198 119 177 65 167 19 91 58 27 6 92 168 144 10 181 52 78 62 130 70 33 166 24 147 88 154 5 129 134 38 141 159 192 172 66 29 116 138 97 189 13 145 11 133 8 155 20 12 180 64 2 98 108 34 15 149 21 112 61 191 131 120 115 23 186 190 79 32 185 71 109 84 80 114 118 184 121 125 59 90 94 53 136 127 161 14 110 89 95 60 175 56 187 197 49 46 81 67 86 124 123 188 48 45 142 162 173 103 179 135 178 100 22 169 99 7 183 163 76 35 57 42 40 74 17 104 157 30 18 128 196 151 156 199 139 36 176 152 47 158 69 51 83 140 72 102 201 195 148 202 
Cost: 1081
Bounds: [461.0,1081.0]
Optimality Gap: 57.35%
Data: 461.0,1081.0,57.35
314.68 seconds
Improved Solution:
Sequence: 1 93 105 9 106 171 4 77 113 146 137 170 117 143 75 193 68 107 26 44 85 3 132 43 28 37 54 63 31 182 122 174 73 82 126 150 39 200 50 160 111 165 41 96 16 55 194 164 101 153 87 25 198 91 19 167 65 177 119 58 27 6 10 168 144 92 181 52 78 62 130 70 33 166 24 147 88 5 129 154 134 38 141 159 172 192 29 116 138 97 189 13 145 66 8 11 133 155 20 12 180 64 2 98 108 34 15 149 21 112 61 191 131 120 115 23 186 84 109 190 71 32 185 114 79 80 121 184 118 125 59 90 94 53 136 127 161 14 110 89 60 175 95 56 187 197 49 46 67 48 188 123 124 86 81 45 142 103 162 173 179 135 178 100 22 169 99 183 163 76 35 57 7 42 40 74 17 157 30 18 128 196 151 104 156 199 139 36 176 152 47 158 69 51 83 140 72 102 201 195 148 202 
Cost: 1056
Bounds: [461.0,1056.0]
Optimality Gap: 56.34%
Data: 461.0,1056.0,56.34
352.39 seconds
Nodes In Queue: 1
Bounds: [604.0,1056.0]
Optimality Gap: 42.8%
Data: 604.0,1056.0,42.8
1513.09 seconds
Nodes In Queue: 2
Bounds: [607.0,1056.0]
Optimality Gap: 42.52%
Data: 607.0,1056.0,42.52
2498.49 seconds
Nodes In Queue: 3
Bounds: [659.0,1056.0]
Optimality Gap: 37.59%
Data: 659.0,1056.0,37.59
3416.7 seconds
Nodes In Queue: 4
