File Name: rbg233.tw
Makespan Objective: false
Peel Setting: maximal
Max Width: 2048
Variety Search Width: 100
Parallel: false
Threads: 1
Time Limit (seconds): 3600
Memory Limit (GB): 640.0
12.85 seconds
Bounds: [11592.0,NA]
Data: 11592.0,9223372036854775807,100.0
145.78 seconds
Nodes In Queue: 1
Bounds: [12361.0,NA]
Data: 12361.0,9223372036854775807,100.0
325.83 seconds
Nodes In Queue: 2
Bounds: [12425.0,NA]
Data: 12425.0,9223372036854775807,100.0
447.53 seconds
Nodes In Queue: 3
Bounds: [12955.0,NA]
Data: 12955.0,9223372036854775807,100.0
561.04 seconds
Nodes In Queue: 4
Bounds: [12987.0,NA]
Data: 12987.0,9223372036854775807,100.0
765.98 seconds
Nodes In Queue: 6
Bounds: [12988.0,NA]
Data: 12988.0,9223372036854775807,100.0
852.65 seconds
Nodes In Queue: 7
Bounds: [13293.0,NA]
Data: 13293.0,9223372036854775807,100.0
946.97 seconds
Nodes In Queue: 8
Bounds: [13309.0,NA]
Data: 13309.0,9223372036854775807,100.0
1305.01 seconds
Nodes In Queue: 12
Bounds: [13313.0,NA]
Data: 13313.0,9223372036854775807,100.0
1406.69 seconds
Nodes In Queue: 13
Bounds: [13332.0,NA]
Data: 13332.0,9223372036854775807,100.0
1511.89 seconds
Nodes In Queue: 14
Bounds: [13337.0,NA]
Data: 13337.0,9223372036854775807,100.0
1598.62 seconds
Nodes In Queue: 15
Bounds: [13343.0,NA]
Data: 13343.0,9223372036854775807,100.0
1680.11 seconds
Nodes In Queue: 16
Bounds: [13347.0,NA]
Data: 13347.0,9223372036854775807,100.0
1770.39 seconds
Nodes In Queue: 17
Improved Solution:
Sequence: 1 7 2 3 4 6 8 5 11 9 10 12 13 15 19 14 18 23 25 16 27 17 26 22 21 32 20 28 29 24 31 30 34 33 37 38 35 41 36 39 43 40 44 42 46 48 47 51 49 45 54 53 52 55 50 59 56 58 57 62 60 65 64 63 61 67 66 72 68 70 69 71 73 78 76 79 74 81 82 75 77 101 83 80 88 86 90 85 84 93 87 89 95 98 92 91 94 100 96 102 103 104 97 99 107 105 112 108 106 115 109 116 113 110 114 111 118 121 117 123 120 119 128 122 129 124 125 127 126 134 130 132 135 131 133 136 142 137 139 138 144 140 143 141 150 148 146 145 151 158 147 154 149 155 152 153 161 156 162 160 157 163 159 166 165 164 170 168 167 172 169 175 176 173 177 171 179 174 180 178 183 182 181 185 189 192 184 186 187 188 202 191 190 197 193 199 194 195 196 198 200 201 206 203 204 208 205 211 207 209 213 212 210 217 216 218 215 214 222 226 219 221 220 223 225 224 228 227 230 229 232 231 233 
Cost: 15330
Bounds: [13350.0,15330.0]
Optimality Gap: 12.920000000000002%
Data: 13350.0,15330.0,12.920000000000002
1926.83 seconds
Nodes In Queue: 18
Bounds: [13352.0,15330.0]
Optimality Gap: 12.9%
Data: 13352.0,15330.0,12.9
2293.63 seconds
Nodes In Queue: 19
Bounds: [13353.0,15330.0]
Optimality Gap: 12.9%
Data: 13353.0,15330.0,12.9
2482.67 seconds
Nodes In Queue: 19
Bounds: [13355.0,15330.0]
Optimality Gap: 12.879999999999999%
Data: 13355.0,15330.0,12.879999999999999
2897.51 seconds
Nodes In Queue: 20
