File Name: rbg067a.tw
Makespan Objective: false
Peel Setting: maximal
Max Width: 2048
Variety Search Width: 100
Parallel: false
Threads: 1
Time Limit (seconds): 3600
Memory Limit (GB): 640.0
Initial Solution:
Sequence: 1 5 4 3 2 6 9 7 8 11 10 12 13 16 18 15 14 20 19 17 21 22 25 27 23 26 24 29 28 32 33 31 36 30 37 34 35 38 40 39 41 45 46 43 47 52 44 42 55 49 48 63 50 51 57 54 53 62 56 58 59 65 60 67 61 68 64 66 69 
Cost: 4713
15.73 seconds
Bounds: [4110.0,4713.0]
Optimality Gap: 12.790000000000001%
Data: 4110.0,4713.0,12.790000000000001
43.86 seconds
Improved Solution:
Sequence: 1 4 3 5 2 6 7 8 9 10 12 13 11 16 14 15 18 17 22 20 19 21 24 27 23 26 25 28 32 30 31 29 36 35 33 34 37 38 40 39 41 47 52 44 42 46 43 45 63 48 55 49 50 51 56 53 57 54 62 64 58 59 60 65 61 68 67 66 69 
Cost: 4655
Bounds: [4110.0,4655.0]
Optimality Gap: 11.709999999999999%
Data: 4110.0,4655.0,11.709999999999999
59.09 seconds
Nodes In Queue: 1
Bounds: [4408.0,4655.0]
Optimality Gap: 5.3100000000000005%
Data: 4408.0,4655.0,5.3100000000000005
102.91 seconds
Nodes In Queue: 2
Bounds: [4530.0,4655.0]
Optimality Gap: 2.69%
Data: 4530.0,4655.0,2.69
161.9 seconds
Nodes In Queue: 4
Bounds: [4532.0,4655.0]
Optimality Gap: 2.64%
Data: 4532.0,4655.0,2.64
232.25 seconds
Nodes In Queue: 7
Bounds: [4625.0,4655.0]
Optimality Gap: 0.64%
Data: 4625.0,4655.0,0.64
254.66 seconds
Nodes In Queue: 8
Improved Solution:
Sequence: 1 5 3 4 2 6 9 10 7 8 12 13 11 15 16 14 18 17 21 22 20 19 23 25 27 24 26 28 32 30 31 29 33 36 35 34 37 38 40 39 41 42 46 47 52 44 49 43 45 63 56 48 53 50 51 57 54 62 55 58 59 60 65 61 64 68 67 66 69 
Cost: 4638
Bounds: [4625.0,4638.0]
Optimality Gap: 0.27999999999999997%
Data: 4625.0,4638.0,0.27999999999999997
592.26 seconds
Nodes In Queue: 28
Improved Solution:
Sequence: 1 5 3 4 2 6 9 10 7 8 12 13 11 15 16 14 18 17 21 22 20 19 23 25 27 24 26 28 32 33 34 30 31 29 35 36 37 38 40 39 41 43 45 46 47 52 44 49 42 63 48 50 51 57 54 62 55 53 59 56 58 61 60 65 64 68 67 66 69 
Cost: 4637
Bounds: [4625.0,4637.0]
Optimality Gap: 0.26%
Data: 4625.0,4637.0,0.26
599.66 seconds
Nodes In Queue: 29
Improved Solution:
Sequence: 1 5 3 4 2 6 9 10 7 8 12 13 11 15 16 14 18 17 21 22 20 19 23 25 27 24 26 28 32 33 31 29 30 35 34 37 38 36 42 40 39 43 45 46 41 47 52 44 48 49 56 53 50 51 57 54 62 55 64 63 59 58 60 65 61 68 67 66 69 
Cost: 4632
Bounds: [4625.0,4632.0]
Optimality Gap: 0.15%
Data: 4625.0,4632.0,0.15
626.7 seconds
Nodes In Queue: 33
Improved Solution:
Sequence: 1 5 3 4 2 6 9 10 7 8 12 13 11 15 16 14 18 17 21 22 20 19 23 25 27 24 26 28 32 33 31 29 30 35 34 36 37 38 40 39 42 41 43 45 46 47 52 44 49 50 51 56 48 57 54 62 55 53 64 63 59 58 60 65 61 68 67 66 69 
Cost: 4628
Bounds: [4625.0,4628.0]
Optimality Gap: 0.06%
Data: 4625.0,4628.0,0.06
631.86 seconds
Nodes In Queue: 32
Improved Solution:
Sequence: 1 5 3 4 2 6 9 10 7 8 12 13 11 15 16 14 18 17 21 22 20 19 23 25 27 24 26 28 32 33 31 29 30 35 34 36 37 38 40 39 42 45 46 43 41 49 47 52 44 50 48 53 57 54 62 55 51 58 61 56 64 63 60 65 59 68 67 66 69 
Cost: 4625
Bounds: [4625.0,4625.0]
Optimality Gap: 0.0%
Data: 4625.0,4625.0,0.0
634.69 seconds
Nodes In Queue: 29
Optimal Solution Found:
Sequence: 1 5 3 4 2 6 9 10 7 8 12 13 11 15 16 14 18 17 21 22 20 19 23 25 27 24 26 28 32 33 31 29 30 35 34 36 37 38 40 39 42 45 46 43 41 49 47 52 44 50 48 53 57 54 62 55 51 58 61 56 64 63 60 65 59 68 67 66 69 
Cost: 4625
748.08 seconds
Bounds: [4625.0,4625.0]
Optimality Gap: 0.0%
Data: 4625.0,4625.0,0.0
748.08 seconds
