File Name: rbg086a.tw
Makespan Objective: false
Peel Setting: maximal
Max Width: 2048
Variety Search Width: 100
Parallel: false
Threads: 1
Time Limit (seconds): 3600
Memory Limit (GB): 640.0
Initial Solution:
Sequence: 1 3 2 4 5 6 7 8 10 11 12 13 14 9 15 16 17 20 19 21 18 22 24 23 26 25 27 32 30 28 31 34 33 29 35 36 38 37 44 41 42 40 43 39 47 51 45 49 46 50 54 48 53 56 55 52 61 58 59 57 62 64 60 65 63 72 70 67 66 71 69 68 75 73 74 79 76 80 82 78 77 86 83 81 87 84 85 88 
Cost: 8478
23.46 seconds
Bounds: [7876.0,8478.0]
Optimality Gap: 7.1%
Data: 7876.0,8478.0,7.1
48.34 seconds
Improved Solution:
Sequence: 1 3 2 4 5 6 7 8 10 11 12 13 14 9 15 16 21 20 19 17 18 22 24 23 26 25 27 32 30 28 31 34 33 29 35 36 38 37 42 40 39 47 44 46 41 49 43 48 45 53 50 54 52 51 56 55 58 61 57 59 63 64 60 62 67 66 71 70 72 65 69 68 76 75 73 74 80 78 82 77 81 79 85 86 87 84 83 88 
Cost: 8428
Bounds: [7876.0,8428.0]
Optimality Gap: 6.550000000000001%
Data: 7876.0,8428.0,6.550000000000001
73.92 seconds
Nodes In Queue: 1
Bounds: [8298.0,8428.0]
Optimality Gap: 1.54%
Data: 8298.0,8428.0,1.54
121.53 seconds
Nodes In Queue: 2
Bounds: [8398.0,8428.0]
Optimality Gap: 0.36%
Data: 8398.0,8428.0,0.36
167.73 seconds
Nodes In Queue: 2
Improved Solution:
Sequence: 1 2 3 4 5 6 7 8 10 11 12 13 14 9 15 16 17 20 19 21 18 22 24 23 26 25 27 32 30 28 29 31 34 33 35 36 38 37 42 40 39 47 44 41 49 43 46 45 54 48 50 52 51 57 53 61 55 58 59 56 64 60 63 62 67 66 71 70 65 69 68 72 76 75 73 74 79 82 80 78 77 86 83 81 87 84 85 88 
Cost: 8418
Bounds: [8398.0,8418.0]
Optimality Gap: 0.24%
Data: 8398.0,8418.0,0.24
236.81 seconds
Nodes In Queue: 3
Improved Solution:
Sequence: 1 2 3 4 5 6 8 7 10 11 12 13 14 9 15 16 17 18 22 20 19 21 24 23 26 25 27 32 30 28 29 31 34 33 35 36 38 37 41 42 40 39 43 47 44 46 50 45 54 49 48 52 51 57 53 61 55 58 59 56 64 60 63 62 67 66 71 70 65 69 68 73 74 72 76 75 80 82 78 77 81 79 87 84 83 86 85 88 
Cost: 8400
Bounds: [8398.0,8400.0]
Optimality Gap: 0.02%
Data: 8398.0,8400.0,0.02
246.29 seconds
Nodes In Queue: 1
Optimal Solution Found:
Sequence: 1 2 3 4 5 6 8 7 10 11 12 13 14 9 15 16 17 18 22 20 19 21 24 23 26 25 27 32 30 28 29 31 34 33 35 36 38 37 41 42 40 39 43 47 44 46 50 45 54 49 48 52 51 57 53 61 55 58 59 56 64 60 63 62 67 66 71 70 65 69 68 73 74 72 76 75 80 82 78 77 81 79 87 84 83 86 85 88 
Cost: 8400
254.47 seconds
Bounds: [8400.0,8400.0]
Optimality Gap: 0.0%
Data: 8400.0,8400.0,0.0
254.47 seconds
