File Name: rbg201a.tw
Makespan Objective: false
Peel Setting: maximal
Max Width: 2048
Variety Search Width: 100
Parallel: false
Threads: 1
Time Limit (seconds): 3600
Memory Limit (GB): 640.0
Initial Solution:
Sequence: 1 3 2 5 4 6 7 9 8 10 13 14 11 15 12 17 16 20 21 19 18 24 25 23 22 26 28 27 29 33 34 31 35 40 32 30 43 36 51 37 38 39 45 42 41 50 44 46 47 53 49 48 55 52 56 59 54 58 57 61 65 60 66 64 63 62 70 69 68 71 72 67 73 77 74 78 75 76 80 81 83 82 84 79 85 86 88 87 91 94 92 89 96 95 90 93 101 99 100 98 97 105 107 106 102 111 104 103 109 113 108 112 110 116 115 117 114 120 118 121 119 129 122 126 127 124 125 128 123 133 134 131 135 130 138 143 144 132 152 137 136 139 142 140 145 141 147 148 149 146 150 153 151 162 154 160 157 156 155 164 158 161 159 163 167 169 166 165 178 168 171 170 174 173 172 176 175 184 182 183 177 185 180 179 181 191 187 188 186 190 189 194 192 193 195 197 198 199 196 202 200 201 203 
Cost: 13248
141.25 seconds
Bounds: [9478.0,13248.0]
Optimality Gap: 28.46%
Data: 9478.0,13248.0,28.46
679.37 seconds
Nodes In Queue: 1
Bounds: [10677.0,13248.0]
Optimality Gap: 19.41%
Data: 10677.0,13248.0,19.41
1537.16 seconds
Nodes In Queue: 2
Improved Solution:
Sequence: 1 4 6 2 3 5 8 7 9 10 14 13 15 11 12 17 16 20 21 19 18 24 25 23 22 26 28 27 29 33 34 31 35 40 32 30 43 36 51 37 38 39 45 42 41 50 44 46 47 53 49 48 55 52 56 59 54 58 57 61 65 60 66 64 63 62 70 69 68 71 72 67 73 77 74 78 76 75 80 81 83 82 84 79 85 86 91 87 88 94 92 89 96 95 90 93 101 99 100 98 97 105 107 106 102 111 104 103 109 113 108 112 110 116 115 117 114 120 118 121 119 129 122 126 127 124 125 128 123 133 134 131 135 130 138 143 144 132 152 137 136 145 139 140 147 142 141 148 149 146 150 153 151 162 154 160 157 156 155 164 158 161 159 163 167 169 166 165 178 168 172 174 173 171 170 176 175 184 182 183 177 185 180 179 181 191 187 188 186 190 189 194 192 193 195 197 198 199 196 202 200 201 203 
Cost: 13240
Bounds: [10677.0,13240.0]
Optimality Gap: 19.36%
Data: 10677.0,13240.0,19.36
2061.18 seconds
Nodes In Queue: 3
Bounds: [11515.0,13240.0]
Optimality Gap: 13.03%
Data: 11515.0,13240.0,13.03
2583.27 seconds
Nodes In Queue: 4
Bounds: [11528.0,13240.0]
Optimality Gap: 12.93%
Data: 11528.0,13240.0,12.93
3489.13 seconds
Nodes In Queue: 6
