File Name: rbg193.tw
Makespan Objective: false
Peel Setting: maximal
Max Width: 2048
Variety Search Width: 100
Parallel: false
Threads: 1
Time Limit (seconds): 3600
Memory Limit (GB): 640.0
37.99 seconds
Bounds: [10054.0,NA]
Data: 10054.0,9223372036854775807,100.0
144.44 seconds
Improved Solution:
Sequence: 1 4 5 8 3 2 6 9 10 7 11 15 14 13 12 16 17 20 19 21 18 23 22 27 26 25 24 30 33 28 36 29 32 31 46 34 35 39 37 42 38 44 45 40 41 48 43 53 51 52 47 55 50 49 58 56 62 54 61 57 59 65 60 64 63 69 68 66 67 70 76 73 74 79 71 72 82 81 75 77 78 80 84 85 83 87 86 88 89 92 95 91 90 94 93 100 96 99 98 97 106 101 104 103 110 112 102 111 108 116 105 107 109 114 115 113 118 117 119 120 121 124 126 127 123 122 125 128 129 133 132 131 135 130 139 134 138 136 141 140 142 137 146 143 145 144 149 147 152 151 150 148 154 153 158 159 155 157 156 160 163 166 165 161 168 170 162 164 180 169 167 175 173 174 188 178 171 185 172 176 182 177 187 179 181 189 183 190 191 184 186 192 193 
Cost: 12781
Bounds: [10054.0,12781.0]
Optimality Gap: 21.34%
Data: 10054.0,12781.0,21.34
219.83 seconds
Nodes In Queue: 1
Bounds: [10786.0,12781.0]
Optimality Gap: 15.61%
Data: 10786.0,12781.0,15.61
724.8 seconds
Nodes In Queue: 2
Bounds: [11260.0,12781.0]
Optimality Gap: 11.899999999999999%
Data: 11260.0,12781.0,11.899999999999999
1560.88 seconds
Nodes In Queue: 4
Bounds: [11972.0,12781.0]
Optimality Gap: 6.329999999999999%
Data: 11972.0,12781.0,6.329999999999999
2732.75 seconds
Nodes In Queue: 8
Bounds: [11980.0,12781.0]
Optimality Gap: 6.2700000000000005%
Data: 11980.0,12781.0,6.2700000000000005
3161.77 seconds
Nodes In Queue: 10
Bounds: [11994.0,12781.0]
Optimality Gap: 6.16%
Data: 11994.0,12781.0,6.16
3611.97 seconds
Nodes In Queue: 12
