File Name: rbg152.3.tw
Makespan Objective: false
Peel Setting: maximal
Max Width: 2048
Variety Search Width: 100
Parallel: false
Threads: 1
Time Limit (seconds): 3600
Memory Limit (GB): 640.0
Initial Solution:
Sequence: 1 6 13 5 10 12 18 17 11 9 21 4 3 2 23 7 24 26 8 14 25 22 16 15 30 29 19 20 35 31 37 27 38 28 36 33 34 40 32 53 39 46 47 55 41 44 42 52 45 43 59 57 50 61 58 56 49 54 48 51 67 63 64 62 71 66 65 60 75 76 69 70 68 79 78 77 72 74 73 84 86 85 87 81 80 83 82 99 88 95 108 89 92 90 109 111 91 93 114 94 116 96 105 97 118 98 100 102 101 123 121 103 104 107 106 124 120 112 125 119 131 110 113 132 115 122 117 142 139 127 145 126 144 133 134 128 129 148 130 149 150 138 141 135 137 136 140 151 143 147 146 152 
Cost: 9993
117.97 seconds
Bounds: [6902.0,9993.0]
Optimality Gap: 30.930000000000003%
Data: 6902.0,9993.0,30.930000000000003
600.28 seconds
Nodes In Queue: 1
Bounds: [7166.0,9993.0]
Optimality Gap: 28.29%
Data: 7166.0,9993.0,28.29
1633.18 seconds
Nodes In Queue: 2
Bounds: [7228.0,9993.0]
Optimality Gap: 27.67%
Data: 7228.0,9993.0,27.67
2336.75 seconds
Nodes In Queue: 3
Improved Solution:
Sequence: 1 13 5 14 10 12 18 17 11 9 21 4 3 2 6 7 24 26 8 20 16 15 30 29 19 33 25 22 23 31 37 27 35 38 28 36 42 34 40 39 32 53 50 47 55 41 49 52 46 45 43 54 44 60 57 59 58 63 48 56 51 61 67 64 62 71 66 65 75 76 69 70 68 79 78 77 72 74 73 84 86 85 87 81 80 83 82 99 88 95 108 89 92 90 109 111 91 93 114 94 116 96 105 97 118 98 100 102 101 123 121 103 104 107 106 124 120 112 125 119 131 110 113 132 115 122 117 142 139 127 145 126 144 133 134 128 129 148 130 149 150 138 141 135 137 136 140 151 143 147 146 152 
Cost: 9982
Bounds: [7239.0,9982.0]
Optimality Gap: 27.48%
Data: 7239.0,9982.0,27.48
2996.59 seconds
Nodes In Queue: 4
Bounds: [7240.0,9982.0]
Optimality Gap: 27.47%
Data: 7240.0,9982.0,27.47
3689.42 seconds
Nodes In Queue: 5
