File Name: rbg193.2.tw
Makespan Objective: false
Peel Setting: maximal
Max Width: 2048
Variety Search Width: 100
Parallel: false
Threads: 1
Time Limit (seconds): 3600
Memory Limit (GB): 640.0
Initial Solution:
Sequence: 1 6 4 9 8 3 2 10 7 5 16 15 14 11 18 17 13 12 21 20 19 23 22 32 26 29 31 30 33 24 36 25 39 27 46 28 42 35 44 45 34 41 48 47 37 51 38 40 53 55 43 61 57 49 58 56 52 62 50 68 54 59 65 60 69 64 63 76 66 70 79 75 67 82 81 71 74 73 85 72 87 86 78 77 80 84 83 89 88 91 92 98 96 93 90 95 94 104 106 97 110 99 100 105 109 112 103 118 101 102 120 114 121 115 119 107 108 117 126 116 111 113 128 124 125 131 123 133 122 135 134 138 129 139 130 127 141 140 132 137 136 145 144 142 146 143 147 154 150 148 159 152 151 157 153 160 149 158 165 163 161 155 156 166 175 173 162 168 188 164 180 169 167 182 170 172 171 176 190 185 174 178 179 191 177 181 187 192 183 189 184 186 193 
Cost: 12441
174.59 seconds
Bounds: [9527.0,12441.0]
Optimality Gap: 23.419999999999998%
Data: 9527.0,12441.0,23.419999999999998
1012.77 seconds
Nodes In Queue: 1
Bounds: [9741.0,12441.0]
Optimality Gap: 21.7%
Data: 9741.0,12441.0,21.7
2520.19 seconds
Nodes In Queue: 2
Bounds: [9755.0,12441.0]
Optimality Gap: 21.59%
Data: 9755.0,12441.0,21.59
3687.44 seconds
Nodes In Queue: 3
