File Name: rbg172a.tw
Makespan Objective: false
Peel Setting: maximal
Max Width: 2048
Variety Search Width: 100
Parallel: false
Threads: 1
Time Limit (seconds): 3600
Memory Limit (GB): 640.0
Initial Solution:
Sequence: 1 3 2 5 4 6 7 9 8 10 13 15 11 14 12 17 16 20 21 19 18 24 25 22 23 26 28 27 29 33 34 31 35 40 32 30 43 36 51 37 38 39 45 42 41 50 44 46 47 53 49 48 55 52 56 59 54 58 57 61 65 60 66 64 63 62 70 69 68 71 72 67 73 77 74 78 76 75 80 81 83 82 84 79 85 86 88 87 91 94 92 89 96 95 90 93 101 99 100 98 97 105 107 106 102 111 104 103 109 113 108 112 110 116 115 117 114 120 118 121 119 129 122 126 127 124 125 128 123 133 134 131 135 130 138 143 144 132 152 137 136 139 142 140 145 141 147 148 149 146 150 153 151 162 154 160 157 156 155 164 158 161 159 163 167 169 166 165 168 171 170 172 173 174 
Cost: 11178
101.52 seconds
Bounds: [8035.0,11178.0]
Optimality Gap: 28.12%
Data: 8035.0,11178.0,28.12
475.85 seconds
Nodes In Queue: 1
Bounds: [9174.0,11178.0]
Optimality Gap: 17.93%
Data: 9174.0,11178.0,17.93
1091.42 seconds
Nodes In Queue: 2
Improved Solution:
Sequence: 1 4 3 2 5 8 7 6 10 9 11 13 14 15 12 17 16 20 21 19 18 24 25 22 23 26 28 27 29 33 34 31 35 40 32 30 43 36 51 37 38 39 45 42 41 50 44 46 47 53 49 48 55 52 56 59 54 58 57 61 65 60 66 64 63 62 70 69 68 71 72 67 73 77 74 78 76 75 80 81 83 82 84 79 85 86 88 87 91 94 92 89 96 95 90 93 101 99 100 98 97 105 107 106 102 111 104 103 109 113 108 112 110 116 115 117 114 120 118 121 119 129 122 126 127 124 125 128 123 133 134 131 135 130 138 143 144 132 152 137 136 139 142 140 145 141 147 148 149 146 150 153 151 162 154 160 157 156 155 164 158 161 159 163 167 169 166 165 168 171 170 172 173 174 
Cost: 11172
Bounds: [9174.0,11172.0]
Optimality Gap: 17.88%
Data: 9174.0,11172.0,17.88
1438.29 seconds
Nodes In Queue: 3
Bounds: [9767.0,11172.0]
Optimality Gap: 12.58%
Data: 9767.0,11172.0,12.58
1792.68 seconds
Nodes In Queue: 4
Bounds: [10082.0,11172.0]
Optimality Gap: 9.76%
Data: 10082.0,11172.0,9.76
3031.94 seconds
Nodes In Queue: 8
