File Name: rbg132.tw
Makespan Objective: false
Peel Setting: maximal
Max Width: 2048
Variety Search Width: 100
Parallel: false
Threads: 1
Time Limit (seconds): 3600
Memory Limit (GB): 640.0
24.74 seconds
Bounds: [7210.0,NA]
Data: 7210.0,9223372036854775807,100.0
65.01 seconds
Nodes In Queue: 1
Bounds: [7708.0,NA]
Data: 7708.0,9223372036854775807,100.0
210.09 seconds
Nodes In Queue: 2
Bounds: [7729.0,NA]
Data: 7729.0,9223372036854775807,100.0
263.7 seconds
Nodes In Queue: 2
Bounds: [7995.0,NA]
Data: 7995.0,9223372036854775807,100.0
317.81 seconds
Nodes In Queue: 2
Bounds: [8016.0,NA]
Data: 8016.0,9223372036854775807,100.0
393.63 seconds
Nodes In Queue: 3
Bounds: [8447.0,NA]
Data: 8447.0,9223372036854775807,100.0
445.25 seconds
Nodes In Queue: 3
Improved Solution:
Sequence: 1 3 2 5 4 8 6 13 7 14 10 9 12 11 18 16 15 17 20 19 22 21 23 28 27 24 29 26 25 30 31 35 33 32 38 43 34 42 37 36 40 39 46 45 41 47 44 52 49 48 50 51 53 55 54 58 57 56 60 61 59 63 62 66 64 65 76 72 67 73 71 69 70 68 79 75 74 80 78 82 83 77 81 87 88 85 84 92 90 89 86 93 91 95 96 94 97 99 98 103 104 100 106 105 102 101 107 110 108 109 113 111 114 112 119 116 115 125 118 121 122 117 124 120 123 126 131 128 127 129 130 132 
Cost: 8570
Bounds: [8447.0,8570.0]
Optimality Gap: 1.44%
Data: 8447.0,8570.0,1.44
521.93 seconds
Nodes In Queue: 4
Improved Solution:
Sequence: 1 3 2 5 4 8 6 13 7 14 10 9 12 11 18 16 15 17 20 19 22 21 23 28 27 24 29 26 25 30 31 34 35 33 32 38 40 39 37 42 36 44 43 46 45 41 47 52 48 50 49 51 53 55 54 58 57 56 63 61 59 62 60 66 64 65 76 72 67 73 71 69 70 68 79 75 74 80 78 82 83 77 81 87 86 89 85 84 92 88 90 91 95 96 93 94 97 99 98 103 104 100 106 105 102 101 107 110 108 109 113 111 114 112 119 116 115 125 118 121 122 117 124 120 123 126 131 128 127 129 130 132 
Cost: 8547
Bounds: [8447.0,8547.0]
Optimality Gap: 1.17%
Data: 8447.0,8547.0,1.17
600.95 seconds
Nodes In Queue: 5
Improved Solution:
Sequence: 1 3 2 5 4 8 6 13 7 14 10 9 12 11 18 16 15 17 20 19 22 21 23 28 27 24 29 26 25 30 31 34 35 33 32 40 39 37 42 36 38 44 43 46 45 41 47 52 48 50 49 51 53 55 54 58 57 56 63 61 59 62 60 66 64 65 76 72 67 73 71 69 70 68 79 75 74 80 78 82 83 77 81 87 86 89 85 84 92 88 90 91 95 96 93 94 97 99 98 103 104 100 106 105 102 101 107 110 108 109 113 111 114 112 119 116 115 125 118 121 122 117 124 120 123 126 131 128 127 129 130 132 
Cost: 8539
Bounds: [8447.0,8539.0]
Optimality Gap: 1.08%
Data: 8447.0,8539.0,1.08
727.06 seconds
Nodes In Queue: 6
Improved Solution:
Sequence: 1 3 2 5 4 8 6 13 7 14 10 9 12 11 18 16 15 17 20 19 22 21 23 28 27 24 29 26 25 30 31 34 35 33 32 40 39 37 42 36 38 44 43 46 45 41 47 52 48 50 49 51 53 55 54 58 57 56 63 61 59 62 60 66 64 65 76 72 67 73 71 69 70 68 79 75 74 80 78 82 83 77 81 87 88 85 84 92 90 89 86 93 91 95 96 94 97 99 98 103 104 100 106 105 102 101 107 110 108 109 113 111 114 112 119 116 115 125 118 121 122 117 124 120 123 126 131 128 127 129 130 132 
Cost: 8538
Bounds: [8447.0,8538.0]
Optimality Gap: 1.0699999999999998%
Data: 8447.0,8538.0,1.0699999999999998
849.22 seconds
Nodes In Queue: 7
Improved Solution:
Sequence: 1 3 2 5 4 8 6 13 7 14 10 9 12 11 18 16 15 17 20 19 22 21 23 25 24 29 26 30 28 27 31 34 35 33 32 40 39 37 42 36 38 44 43 46 45 41 47 52 48 49 51 50 53 55 54 58 57 56 63 61 59 62 60 66 64 65 76 72 67 73 71 69 70 68 79 75 74 80 78 82 83 77 81 87 88 85 84 92 86 90 89 93 91 95 96 94 97 99 98 103 104 100 106 105 102 101 107 110 108 109 113 111 114 112 119 116 115 125 118 121 122 117 124 120 123 126 131 128 127 129 130 132 
Cost: 8530
Bounds: [8447.0,8530.0]
Optimality Gap: 0.97%
Data: 8447.0,8530.0,0.97
1253.94 seconds
Nodes In Queue: 12
Bounds: [8449.0,8530.0]
Optimality Gap: 0.95%
Data: 8449.0,8530.0,0.95
1740.44 seconds
Nodes In Queue: 18
