File Name: rbg233.2.tw
Makespan Objective: false
Peel Setting: maximal
Max Width: 2048
Variety Search Width: 100
Parallel: false
Threads: 1
Time Limit (seconds): 3600
Memory Limit (GB): 640.0
Initial Solution:
Sequence: 1 7 2 5 3 4 12 9 8 6 16 10 19 11 18 23 13 15 26 22 14 17 27 31 25 34 33 28 32 20 21 39 29 30 24 41 42 37 38 44 36 46 35 48 47 51 52 55 43 40 54 53 45 50 49 58 57 59 56 67 65 64 63 61 73 62 60 74 68 66 71 78 76 72 81 70 69 79 101 87 88 86 75 93 82 77 89 95 98 80 83 100 85 84 104 90 91 94 92 106 96 107 105 97 109 99 102 103 110 114 111 112 116 117 108 121 115 123 113 128 119 122 118 127 129 124 120 130 125 132 134 126 142 135 131 143 144 133 145 138 148 136 137 139 150 140 147 141 154 146 161 159 149 160 151 158 153 152 162 155 163 156 157 174 171 167 170 168 179 165 164 166 169 178 176 182 177 175 172 173 180 187 185 184 181 197 192 193 199 194 183 202 198 186 189 191 203 188 204 190 209 206 195 205 196 200 201 213 212 207 211 208 215 214 210 217 216 218 222 226 225 221 219 223 220 227 224 228 230 229 232 231 233 
Cost: 14827
239.6 seconds
Bounds: [10916.0,14827.0]
Optimality Gap: 26.38%
Data: 10916.0,14827.0,26.38
1155.02 seconds
Nodes In Queue: 1
Bounds: [11634.0,14827.0]
Optimality Gap: 21.54%
Data: 11634.0,14827.0,21.54
3386.77 seconds
Nodes In Queue: 2
