File Name: rbg152.tw
Makespan Objective: false
Peel Setting: maximal
Max Width: 2048
Variety Search Width: 100
Parallel: false
Threads: 1
Time Limit (seconds): 3600
Memory Limit (GB): 640.0
14.23 seconds
Bounds: [7995.0,NA]
Data: 7995.0,9223372036854775807,100.0
84.02 seconds
Improved Solution:
Sequence: 1 4 3 2 6 7 8 5 14 11 9 10 12 18 17 13 16 15 25 22 19 20 21 24 26 27 23 28 30 29 34 32 35 31 37 36 33 38 41 39 40 44 42 45 43 50 47 46 48 56 49 52 51 53 54 55 61 60 57 63 59 58 67 64 62 71 66 65 70 69 68 72 74 73 78 77 76 75 79 80 83 82 84 81 86 85 90 89 92 87 93 88 97 91 99 96 95 94 109 101 103 98 100 105 102 107 104 111 110 106 114 108 112 116 118 113 125 115 123 121 119 117 124 120 122 127 126 132 131 129 128 130 133 139 137 136 138 142 134 135 145 144 141 140 146 143 147 150 149 148 151 152 
Cost: 10118
Bounds: [7995.0,10118.0]
Optimality Gap: 20.979999999999997%
Data: 7995.0,10118.0,20.979999999999997
129.76 seconds
Nodes In Queue: 1
Bounds: [8642.0,10118.0]
Optimality Gap: 14.59%
Data: 8642.0,10118.0,14.59
357.96 seconds
Nodes In Queue: 2
Bounds: [8677.0,10118.0]
Optimality Gap: 14.24%
Data: 8677.0,10118.0,14.24
524.77 seconds
Nodes In Queue: 3
Bounds: [9355.0,10118.0]
Optimality Gap: 7.539999999999999%
Data: 9355.0,10118.0,7.539999999999999
659.85 seconds
Nodes In Queue: 4
Bounds: [9359.0,10118.0]
Optimality Gap: 7.5%
Data: 9359.0,10118.0,7.5
747.74 seconds
Nodes In Queue: 5
Bounds: [9382.0,10118.0]
Optimality Gap: 7.2700000000000005%
Data: 9382.0,10118.0,7.2700000000000005
851.73 seconds
Nodes In Queue: 6
Bounds: [9384.0,10118.0]
Optimality Gap: 7.249999999999999%
Data: 9384.0,10118.0,7.249999999999999
919.69 seconds
Nodes In Queue: 7
Bounds: [10024.0,10118.0]
Optimality Gap: 0.9299999999999999%
Data: 10024.0,10118.0,0.9299999999999999
1004.69 seconds
Nodes In Queue: 8
Improved Solution:
Sequence: 1 4 3 2 6 7 8 5 10 12 11 9 16 15 17 13 19 14 25 22 23 20 18 21 24 26 27 28 30 29 34 32 35 31 36 33 38 37 41 39 40 44 42 45 43 50 47 46 56 49 52 53 48 55 51 54 61 60 57 59 58 63 64 62 67 71 66 65 68 69 72 70 73 76 74 78 77 75 81 79 80 84 83 82 86 85 90 89 88 87 93 92 95 96 91 99 94 109 102 97 98 105 100 107 101 103 104 111 106 114 108 110 113 116 118 115 112 121 117 124 120 125 119 122 128 123 126 132 131 127 129 133 130 134 142 139 135 145 136 137 138 140 141 143 144 148 146 149 150 147 151 152 
Cost: 10115
Bounds: [10024.0,10115.0]
Optimality Gap: 0.8999999999999999%
Data: 10024.0,10115.0,0.8999999999999999
2300.55 seconds
Nodes In Queue: 21
Improved Solution:
Sequence: 1 4 3 2 6 7 8 5 10 12 11 9 16 15 17 13 19 14 25 22 23 20 18 21 24 26 27 28 30 29 34 32 35 31 36 33 38 37 41 39 40 44 42 45 43 50 47 46 56 49 52 53 48 55 51 54 61 59 57 60 58 63 67 64 62 70 71 66 65 68 72 69 73 76 74 78 77 75 81 80 79 83 82 84 86 85 90 89 88 87 93 92 95 91 99 96 98 94 109 97 102 101 105 100 107 103 108 104 111 110 106 116 114 115 112 118 113 123 121 119 120 117 125 122 126 124 128 132 131 127 129 130 134 133 142 139 135 145 136 137 138 140 141 143 144 148 146 149 150 147 151 152 
Cost: 10086
Bounds: [10024.0,10086.0]
Optimality Gap: 0.61%
Data: 10024.0,10086.0,0.61
3484.55 seconds
Nodes In Queue: 33
