File Name: rbg092a.tw
Makespan Objective: false
Peel Setting: maximal
Max Width: 2048
Variety Search Width: 100
Parallel: false
Threads: 1
Time Limit (seconds): 3600
Memory Limit (GB): 640.0
Initial Solution:
Sequence: 1 3 2 4 9 7 5 8 11 10 6 12 13 15 14 19 17 16 24 21 23 18 26 20 22 31 25 27 29 28 34 30 38 32 36 35 33 41 37 39 40 49 42 44 43 48 46 45 47 53 52 50 51 55 57 59 54 56 61 60 58 65 63 66 62 69 77 64 71 72 70 67 68 79 85 74 76 73 82 75 83 78 80 87 89 81 88 84 90 86 93 92 91 94 
Cost: 7219
29.91 seconds
Bounds: [6218.0,7219.0]
Optimality Gap: 13.87%
Data: 6218.0,7219.0,13.87
91.8 seconds
Improved Solution:
Sequence: 1 3 2 4 9 7 5 8 11 10 6 12 13 15 14 18 19 17 16 24 21 20 23 27 22 31 26 25 29 28 34 30 32 35 38 36 37 33 41 40 39 44 43 48 47 42 46 45 49 53 52 50 51 55 57 59 54 58 56 61 60 65 63 67 66 77 62 71 64 68 69 74 76 70 85 72 73 79 82 75 83 78 80 88 81 84 87 89 90 86 93 92 91 94 
Cost: 7194
Bounds: [6218.0,7194.0]
Optimality Gap: 13.569999999999999%
Data: 6218.0,7194.0,13.569999999999999
119.58 seconds
Nodes In Queue: 1
Bounds: [6789.0,7194.0]
Optimality Gap: 5.63%
Data: 6789.0,7194.0,5.63
211.98 seconds
Nodes In Queue: 2
Bounds: [6818.0,7194.0]
Optimality Gap: 5.2299999999999995%
Data: 6818.0,7194.0,5.2299999999999995
252.21 seconds
Nodes In Queue: 2
Bounds: [7046.0,7194.0]
Optimality Gap: 2.06%
Data: 7046.0,7194.0,2.06
292.69 seconds
Nodes In Queue: 2
Bounds: [7075.0,7194.0]
Optimality Gap: 1.6500000000000001%
Data: 7075.0,7194.0,1.6500000000000001
325.56 seconds
Nodes In Queue: 2
Bounds: [7155.0,7194.0]
Optimality Gap: 0.54%
Data: 7155.0,7194.0,0.54
357.19 seconds
Nodes In Queue: 2
Improved Solution:
Sequence: 1 3 2 4 9 7 5 6 8 11 10 12 13 15 14 18 19 20 17 16 24 21 23 27 22 31 26 25 29 28 34 30 38 32 36 35 33 41 37 40 39 44 43 48 47 49 42 46 45 50 51 53 52 59 57 55 54 58 56 65 63 64 61 60 69 77 62 71 66 72 70 67 68 79 85 74 76 73 82 75 83 78 80 87 89 81 84 90 88 86 93 92 91 94 
Cost: 7189
Bounds: [7155.0,7189.0]
Optimality Gap: 0.47000000000000003%
Data: 7155.0,7189.0,0.47000000000000003
838.93 seconds
Nodes In Queue: 12
Improved Solution:
Sequence: 1 3 2 4 9 7 5 6 8 11 10 12 13 15 14 18 19 17 16 24 21 20 23 27 22 31 26 25 29 28 34 30 38 32 36 35 33 41 37 40 39 44 43 48 47 42 46 45 50 51 49 53 52 59 57 55 54 58 56 60 65 63 64 61 69 77 62 71 66 72 70 67 68 79 85 74 76 73 82 75 83 78 80 87 89 81 84 90 88 86 93 92 91 94 
Cost: 7173
Bounds: [7155.0,7173.0]
Optimality Gap: 0.25%
Data: 7155.0,7173.0,0.25
905.01 seconds
Nodes In Queue: 12
Improved Solution:
Sequence: 1 3 2 4 9 7 5 6 8 11 10 12 13 15 14 18 19 17 16 24 20 21 23 27 22 31 26 25 29 28 34 30 35 38 32 37 36 33 41 40 39 44 43 48 47 42 46 45 50 51 49 53 52 59 57 55 54 56 60 58 62 65 63 64 61 77 66 67 71 72 68 69 70 74 76 73 79 85 78 82 75 84 81 80 87 83 89 90 88 86 93 92 91 94 
Cost: 7172
Bounds: [7155.0,7172.0]
Optimality Gap: 0.24%
Data: 7155.0,7172.0,0.24
928.07 seconds
Nodes In Queue: 13
Bounds: [7156.0,7172.0]
Optimality Gap: 0.22%
Data: 7156.0,7172.0,0.22
1061.25 seconds
Nodes In Queue: 16
Bounds: [7157.0,7172.0]
Optimality Gap: 0.21%
Data: 7157.0,7172.0,0.21
1088.55 seconds
Nodes In Queue: 17
Improved Solution:
Sequence: 1 3 2 4 9 7 6 5 8 11 10 12 13 15 14 16 18 19 20 24 21 22 17 23 27 31 26 25 29 28 34 30 35 38 32 36 33 41 37 40 39 44 43 48 47 42 46 45 50 51 49 53 52 55 57 59 54 56 60 58 62 65 63 64 61 77 70 66 72 68 69 67 85 73 79 71 74 76 81 82 75 78 84 80 87 83 89 90 88 86 93 92 91 94 
Cost: 7170
Bounds: [7157.0,7170.0]
Optimality Gap: 0.18%
Data: 7157.0,7170.0,0.18
1389.08 seconds
Nodes In Queue: 23
Improved Solution:
Sequence: 1 3 2 4 9 7 6 5 8 11 10 12 13 15 14 16 18 19 17 20 24 21 23 27 22 31 26 25 29 28 34 30 35 38 32 37 33 39 36 42 41 40 44 43 50 46 45 48 47 49 53 52 54 51 58 56 57 59 55 60 65 63 64 61 66 77 62 71 70 68 69 67 85 74 76 72 73 79 82 75 78 84 81 80 87 83 89 90 88 86 93 92 91 94 
Cost: 7169
Bounds: [7157.0,7169.0]
Optimality Gap: 0.16999999999999998%
Data: 7157.0,7169.0,0.16999999999999998
1707.82 seconds
Nodes In Queue: 32
Improved Solution:
Sequence: 1 3 2 4 9 7 6 5 8 11 10 12 13 15 14 16 18 19 17 20 24 21 23 27 22 31 26 25 29 28 34 30 35 38 32 37 36 33 39 42 41 40 44 43 50 46 45 48 47 49 53 52 54 51 57 55 60 58 56 59 62 65 63 66 64 61 77 70 68 69 72 67 85 73 79 71 74 76 78 82 75 84 81 80 87 83 89 90 88 86 93 92 91 94 
Cost: 7167
Bounds: [7157.0,7167.0]
Optimality Gap: 0.13999999999999999%
Data: 7157.0,7167.0,0.13999999999999999
1729.54 seconds
Nodes In Queue: 33
Improved Solution:
Sequence: 1 3 2 4 9 7 6 5 8 11 10 12 13 15 14 16 18 19 17 20 24 21 23 27 22 31 26 25 29 28 34 30 35 38 32 37 36 33 41 40 39 42 44 43 50 46 45 48 47 49 53 52 54 51 55 60 58 56 59 57 64 61 62 65 63 66 77 67 71 70 68 69 72 74 76 73 79 85 81 82 75 78 84 80 87 83 89 90 88 86 93 92 91 94 
Cost: 7166
Bounds: [7157.0,7166.0]
Optimality Gap: 0.13%
Data: 7157.0,7166.0,0.13
1759.71 seconds
Nodes In Queue: 34
Improved Solution:
Sequence: 1 3 2 4 9 7 6 5 8 11 10 12 13 15 14 16 18 19 17 20 24 21 23 27 22 31 26 25 29 28 34 30 35 38 32 37 36 33 41 40 39 44 43 50 42 46 45 48 47 49 53 52 54 51 58 56 57 55 59 64 61 60 65 63 66 77 62 71 68 69 70 67 85 74 76 72 73 79 82 75 78 80 87 83 89 81 84 90 88 86 93 92 91 94 
Cost: 7165
Bounds: [7157.0,7165.0]
Optimality Gap: 0.11%
Data: 7157.0,7165.0,0.11
1776.23 seconds
Nodes In Queue: 34
Improved Solution:
Sequence: 1 3 2 4 9 7 6 5 8 11 10 12 13 15 14 16 18 19 17 20 24 21 23 27 22 31 26 25 29 28 34 30 35 38 32 37 36 33 41 40 39 44 43 48 47 42 49 46 45 50 51 53 52 55 57 54 58 56 59 60 65 63 64 61 66 77 62 71 68 69 70 67 85 74 76 72 73 79 82 78 75 80 87 83 89 81 84 90 88 86 93 92 91 94 
Cost: 7164
Bounds: [7157.0,7164.0]
Optimality Gap: 0.1%
Data: 7157.0,7164.0,0.1
1799.65 seconds
Nodes In Queue: 34
Improved Solution:
Sequence: 1 3 2 4 9 7 6 5 8 11 10 12 13 15 14 16 18 19 17 20 24 21 23 27 22 31 26 25 29 28 34 30 35 38 32 37 36 33 41 40 39 44 43 48 47 42 46 45 50 49 53 52 54 51 57 59 55 60 58 56 62 65 63 64 61 70 66 72 77 68 69 67 85 73 79 71 78 75 74 76 81 84 82 80 87 83 89 90 88 86 93 92 91 94 
Cost: 7160
Bounds: [7157.0,7160.0]
Optimality Gap: 0.04%
Data: 7157.0,7160.0,0.04
1815.39 seconds
Nodes In Queue: 27
Improved Solution:
Sequence: 1 3 2 4 9 7 6 5 8 11 10 12 13 15 14 16 18 19 17 20 24 21 23 27 22 31 26 25 29 28 34 30 35 38 32 36 33 41 37 40 39 44 43 48 47 42 46 45 50 51 49 53 52 55 57 59 54 56 60 58 62 65 63 64 61 77 70 66 68 69 72 67 85 73 79 71 74 76 78 82 75 84 81 80 87 83 89 90 88 86 93 92 91 94 
Cost: 7158
Bounds: [7157.0,7158.0]
Optimality Gap: 0.01%
Data: 7157.0,7158.0,0.01
1822.4 seconds
Nodes In Queue: 20
Bounds: [7158.0,7158.0]
Optimality Gap: 0.0%
Data: 7158.0,7158.0,0.0
1917.74 seconds
Nodes In Queue: 10
Optimal Solution Found:
Sequence: 1 3 2 4 9 7 6 5 8 11 10 12 13 15 14 16 18 19 17 20 24 21 23 27 22 31 26 25 29 28 34 30 35 38 32 36 33 41 37 40 39 44 43 48 47 42 46 45 50 51 49 53 52 55 57 59 54 56 60 58 62 65 63 64 61 77 70 66 68 69 72 67 85 73 79 71 74 76 78 82 75 84 81 80 87 83 89 90 88 86 93 92 91 94 
Cost: 7158
1979.26 seconds
Bounds: [7158.0,7158.0]
Optimality Gap: 0.0%
Data: 7158.0,7158.0,0.0
1979.26 seconds
