File Name: rbg125a.tw
Makespan Objective: false
Peel Setting: maximal
Max Width: 2048
Variety Search Width: 100
Parallel: false
Threads: 1
Time Limit (seconds): 3600
Memory Limit (GB): 640.0
Initial Solution:
Sequence: 1 3 5 2 4 6 7 9 8 10 13 14 11 15 12 17 16 20 21 19 24 18 25 23 22 26 28 27 29 33 34 31 35 40 32 30 43 36 51 37 38 39 45 42 41 50 44 47 46 53 49 48 55 52 56 59 54 58 57 61 65 60 66 64 63 62 70 69 68 71 72 67 73 77 74 78 75 76 80 81 83 82 84 79 85 86 91 87 94 92 89 88 96 95 90 93 101 99 100 98 97 105 107 106 102 111 104 103 109 113 108 112 110 116 115 117 114 120 118 121 119 122 126 124 125 123 127 
Cost: 8081
51.66 seconds
Bounds: [5798.0,8081.0]
Optimality Gap: 28.249999999999996%
Data: 5798.0,8081.0,28.249999999999996
216.71 seconds
Improved Solution:
Sequence: 1 3 2 7 4 5 6 9 10 8 11 13 16 12 14 15 18 19 17 22 21 24 20 25 23 26 28 27 29 35 40 32 30 34 31 33 51 36 43 37 38 44 39 41 45 42 50 46 47 49 48 55 52 53 56 59 54 58 57 61 65 66 64 60 63 62 68 70 69 67 71 72 77 74 75 73 81 78 76 80 79 85 86 84 83 82 87 88 91 94 92 89 96 95 90 93 101 99 100 98 97 105 107 106 102 104 111 103 110 109 113 108 117 116 112 115 114 120 118 121 119 123 124 125 122 126 127 
Cost: 8051
Bounds: [5798.0,8051.0]
Optimality Gap: 27.98%
Data: 5798.0,8051.0,27.98
257.86 seconds
Nodes In Queue: 1
Bounds: [6722.0,8051.0]
Optimality Gap: 16.509999999999998%
Data: 6722.0,8051.0,16.509999999999998
476.33 seconds
Nodes In Queue: 2
Bounds: [7339.0,8051.0]
Optimality Gap: 8.84%
Data: 7339.0,8051.0,8.84
750.79 seconds
Nodes In Queue: 4
Bounds: [7760.0,8051.0]
Optimality Gap: 3.61%
Data: 7760.0,8051.0,3.61
1193.53 seconds
Nodes In Queue: 8
Bounds: [7768.0,8051.0]
Optimality Gap: 3.52%
Data: 7768.0,8051.0,3.52
1817.97 seconds
Nodes In Queue: 14
Bounds: [7862.0,8051.0]
Optimality Gap: 2.35%
Data: 7862.0,8051.0,2.35
2024.58 seconds
Nodes In Queue: 16
Bounds: [7865.0,8051.0]
Optimality Gap: 2.31%
Data: 7865.0,8051.0,2.31
3224.68 seconds
Nodes In Queue: 28
Bounds: [7918.0,8051.0]
Optimality Gap: 1.6500000000000001%
Data: 7918.0,8051.0,1.6500000000000001
3358.19 seconds
Nodes In Queue: 28
