File Name: n100w140.005.txt
Makespan Objective: false
Peel Setting: maximal
Max Width: 2048
Variety Search Width: 100
Parallel: false
Threads: 1
Time Limit (seconds): 3600
Memory Limit (GB): 640.0
Initial Solution:
Sequence: 1 71 84 56 12 26 78 13 99 98 25 88 2 60 5 28 59 23 41 86 16 65 3 6 29 101 7 22 35 53 20 21 45 11 95 74 4 90 49 47 50 14 93 76 9 73 8 81 70 91 27 52 96 15 42 79 34 38 85 18 36 40 33 54 72 37 87 48 97 100 67 32 10 30 83 62 55 75 44 31 82 58 92 43 63 61 57 19 66 24 80 17 39 69 94 51 89 46 77 68 64 102 
Cost: 604
77.98 seconds
Bounds: [262.0,604.0]
Optimality Gap: 56.620000000000005%
Data: 262.0,604.0,56.620000000000005
264.94 seconds
Improved Solution:
Sequence: 1 71 84 56 12 26 78 13 99 98 25 88 2 60 5 28 59 23 41 86 65 16 3 6 22 7 101 29 35 53 20 21 45 11 95 74 4 91 70 81 73 8 9 96 76 93 14 48 90 49 47 34 50 15 79 42 52 27 87 37 85 18 36 40 33 54 72 38 83 30 32 97 100 31 67 10 62 55 75 44 82 58 92 63 61 19 43 80 24 66 89 57 51 39 17 69 94 46 77 68 64 102 
Cost: 575
Bounds: [262.0,575.0]
Optimality Gap: 54.43%
Data: 262.0,575.0,54.43
408.29 seconds
Nodes In Queue: 1
Bounds: [345.0,575.0]
Optimality Gap: 40.0%
Data: 345.0,575.0,40.0
787.0 seconds
Nodes In Queue: 2
Improved Solution:
Sequence: 1 71 12 26 78 13 99 98 25 88 2 60 5 28 41 59 23 56 84 20 53 35 3 16 86 6 22 7 101 29 65 21 45 11 34 47 49 90 95 74 4 48 14 93 76 91 70 81 8 73 9 96 15 42 79 50 52 27 87 37 72 54 33 40 36 18 85 38 83 30 32 67 97 100 31 82 58 92 43 63 61 10 62 55 75 44 69 17 39 80 24 66 19 89 57 51 94 46 77 68 64 102 
Cost: 571
Bounds: [345.0,571.0]
Optimality Gap: 39.58%
Data: 345.0,571.0,39.58
1512.39 seconds
Nodes In Queue: 4
Bounds: [346.0,571.0]
Optimality Gap: 39.4%
Data: 346.0,571.0,39.4
1983.87 seconds
Nodes In Queue: 5
