File Name: n80w180.005.txt
Makespan Objective: false
Peel Setting: maximal
Max Width: 2048
Variety Search Width: 100
Parallel: false
Threads: 1
Time Limit (seconds): 3600
Memory Limit (GB): 640.0
Initial Solution:
Sequence: 1 53 17 74 34 80 6 46 73 5 45 72 10 56 32 49 64 51 78 77 62 22 58 25 27 63 54 48 66 69 33 55 61 4 14 75 57 41 47 29 9 59 70 15 8 28 11 21 7 16 65 50 35 38 23 76 31 36 2 68 30 19 79 40 44 67 18 20 39 37 42 26 12 13 71 3 24 60 81 43 52 82 
Cost: 530
54.95 seconds
Bounds: [231.0,530.0]
Optimality Gap: 56.42%
Data: 231.0,530.0,56.42
211.76 seconds
Improved Solution:
Sequence: 1 53 17 74 34 80 6 46 73 5 78 51 72 45 10 56 49 32 64 77 62 22 58 25 27 63 54 48 66 69 4 14 61 75 55 33 57 47 41 28 11 79 2 19 30 68 36 31 76 23 38 50 35 65 16 15 8 70 59 9 29 44 67 20 40 7 21 18 39 37 42 26 12 13 71 3 24 60 81 43 52 82 
Cost: 522
Bounds: [231.0,522.0]
Optimality Gap: 55.75%
Data: 231.0,522.0,55.75
345.92 seconds
Nodes In Queue: 1
Bounds: [260.0,522.0]
Optimality Gap: 50.19%
Data: 260.0,522.0,50.19
590.13 seconds
Nodes In Queue: 2
Improved Solution:
Sequence: 1 78 51 64 32 49 56 10 72 45 5 73 46 6 80 34 74 17 53 69 66 48 77 62 22 58 25 27 54 63 4 14 61 75 55 33 57 41 47 29 9 59 70 15 8 28 11 21 7 16 65 50 35 38 23 76 31 36 2 68 30 19 79 40 44 67 18 20 39 37 42 26 12 13 71 3 24 60 81 43 52 82 
Cost: 520
Bounds: [260.0,520.0]
Optimality Gap: 50.0%
Data: 260.0,520.0,50.0
819.36 seconds
Nodes In Queue: 3
Bounds: [261.0,520.0]
Optimality Gap: 49.81%
Data: 261.0,520.0,49.81
1045.27 seconds
Nodes In Queue: 4
Improved Solution:
Sequence: 1 5 45 72 10 56 32 49 64 51 78 73 46 6 80 34 74 17 53 69 66 48 77 62 22 58 25 27 54 63 4 14 61 75 55 33 57 41 47 44 29 9 59 70 15 8 28 11 67 21 7 16 65 50 35 38 23 76 31 36 68 30 19 2 79 40 20 39 37 42 26 12 13 71 3 18 81 43 52 60 24 82 
Cost: 504
Bounds: [261.0,504.0]
Optimality Gap: 48.209999999999994%
Data: 261.0,504.0,48.209999999999994
1258.23 seconds
Nodes In Queue: 5
Improved Solution:
Sequence: 1 53 17 74 34 80 6 46 73 5 45 72 10 56 32 49 64 51 78 77 62 22 58 25 27 63 54 48 66 69 33 55 61 4 14 75 57 41 47 44 29 9 59 70 15 8 28 11 67 21 7 16 65 50 35 38 23 76 31 36 68 30 19 2 79 40 18 20 39 37 42 26 12 13 71 3 24 60 81 43 52 82 
Cost: 496
Bounds: [261.0,496.0]
Optimality Gap: 47.38%
Data: 261.0,496.0,47.38
1482.3 seconds
Nodes In Queue: 6
Improved Solution:
Sequence: 1 78 51 64 32 49 56 10 72 45 5 73 46 6 80 34 74 17 53 69 66 48 77 62 22 58 25 27 54 63 4 14 61 75 55 33 57 41 47 44 29 9 59 70 15 8 28 11 67 21 7 16 65 50 35 38 23 76 31 36 68 30 19 2 79 40 18 20 39 37 42 26 12 13 71 3 24 60 81 43 52 82 
Cost: 486
Bounds: [262.0,486.0]
Optimality Gap: 46.089999999999996%
Data: 262.0,486.0,46.089999999999996
1938.16 seconds
Nodes In Queue: 8
Bounds: [263.0,486.0]
Optimality Gap: 45.879999999999995%
Data: 263.0,486.0,45.879999999999995
2820.69 seconds
Nodes In Queue: 12
