File Name: N60ft304.dat
Makespan Objective: false
Peel Setting: maximal
Max Width: 2048
Variety Search Width: 100
Parallel: false
Threads: 1
Time Limit (seconds): 3600
Memory Limit (GB): 640.0
Initial Solution:
Sequence: 1 31 55 46 34 8 40 9 47 44 13 49 25 15 35 52 2 38 3 29 16 21 51 4 6 10 58 36 56 28 59 19 43 22 24 41 50 33 7 60 39 30 57 42 5 23 27 45 18 20 37 11 14 53 12 32 17 54 26 48 61 
Cost: 1230.0000000000002
2.1 seconds
Bounds: [1227.2000000000003,1230.0000000000002]
Optimality Gap: 0.22999999999999998%
Data: 1227.2000000000003,1230.0000000000002,0.22999999999999998
2.61 seconds
Nodes In Queue: 1
Optimal Solution Found:
Sequence: 1 31 55 46 34 8 40 9 47 44 13 49 25 15 35 52 2 38 3 29 16 21 51 4 6 10 58 36 56 28 59 19 43 22 24 41 50 33 7 60 39 30 57 42 5 23 27 45 18 20 37 11 14 53 12 32 17 54 26 48 61 
Cost: 1230.0000000000002
6.64 seconds
Bounds: [1230.0000000000002,1230.0000000000002]
Optimality Gap: 0.0%
Data: 1230.0000000000002,1230.0000000000002,0.0
6.64 seconds
