File Name: N60ft310.dat
Makespan Objective: false
Peel Setting: maximal
Max Width: 2048
Variety Search Width: 100
Parallel: false
Threads: 1
Time Limit (seconds): 3600
Memory Limit (GB): 640.0
Initial Solution:
Sequence: 1 21 2 23 5 38 28 35 17 54 3 22 37 47 58 24 59 32 6 9 19 15 33 56 27 14 8 26 53 16 55 30 34 44 36 13 4 41 18 51 48 52 25 29 45 31 46 20 40 39 7 60 49 12 42 43 57 50 10 11 61 
Cost: 1219.2000000000003
4.52 seconds
Bounds: [1214.4000000000003,1219.2000000000003]
Optimality Gap: 0.38999999999999996%
Data: 1214.4000000000003,1219.2000000000003,0.38999999999999996
6.43 seconds
Nodes In Queue: 1
Optimal Solution Found:
Sequence: 1 21 2 23 5 38 28 35 17 54 3 22 37 47 58 24 59 32 6 9 19 15 33 56 27 14 8 26 53 16 55 30 34 44 36 13 4 41 18 51 48 52 25 29 45 31 46 20 40 39 7 60 49 12 42 43 57 50 10 11 61 
Cost: 1219.2000000000003
12.93 seconds
Bounds: [1219.2000000000003,1219.2000000000003]
Optimality Gap: 0.0%
Data: 1219.2000000000003,1219.2000000000003,0.0
12.93 seconds
