File Name: N60ft406.dat
Makespan Objective: false
Peel Setting: maximal
Max Width: 2048
Variety Search Width: 100
Parallel: false
Threads: 1
Time Limit (seconds): 3600
Memory Limit (GB): 640.0
Initial Solution:
Sequence: 1 7 50 48 42 8 41 24 20 59 28 16 58 14 23 51 45 13 10 54 56 26 39 57 25 18 6 34 4 11 43 30 36 32 12 52 38 35 37 5 47 46 22 33 60 40 44 31 21 15 49 53 27 19 3 9 55 2 17 29 61 
Cost: 1140.1999999999996
5.99 seconds
Bounds: [1132.0999999999997,1140.1999999999996]
Optimality Gap: 0.7100000000000001%
Data: 1132.0999999999997,1140.1999999999996,0.7100000000000001
9.74 seconds
Nodes In Queue: 1
Optimal Solution Found:
Sequence: 1 7 50 48 42 8 41 24 20 59 28 16 58 14 23 51 45 13 10 54 56 26 39 57 25 18 6 34 4 11 43 30 36 32 12 52 38 35 37 5 47 46 22 33 60 40 44 31 21 15 49 53 27 19 3 9 55 2 17 29 61 
Cost: 1140.1999999999996
17.09 seconds
Bounds: [1140.1999999999996,1140.1999999999996]
Optimality Gap: 0.0%
Data: 1140.1999999999996,1140.1999999999996,0.0
17.09 seconds
