File Name: n150w140.001.txt
Makespan Objective: false
Peel Setting: maximal
Max Width: 2048
Variety Search Width: 100
Parallel: false
Threads: 1
Time Limit (seconds): 3600
Memory Limit (GB): 640.0
51.56 seconds
Bounds: [365.0,NA]
Data: 365.0,9223372036854775807,100.0
151.11 seconds
Improved Solution:
Sequence: 1 41 31 143 110 73 113 20 13 148 118 125 9 139 117 119 47 87 62 104 134 16 21 42 150 56 36 106 81 103 114 49 29 34 6 145 67 107 38 105 109 141 10 33 94 28 22 51 3 2 64 37 24 121 72 14 83 58 97 26 78 39 65 112 138 50 88 30 74 93 55 135 124 45 17 146 23 92 69 147 11 70 35 46 61 132 120 7 68 82 102 84 122 89 98 66 100 131 18 59 27 80 25 57 116 142 40 137 101 140 75 63 43 53 44 77 85 48 149 15 86 32 129 8 126 91 133 115 111 128 96 130 71 12 136 19 60 99 144 127 52 79 76 95 90 4 108 5 151 123 54 152 
Cost: 893
Bounds: [365.0,893.0]
Optimality Gap: 59.13%
Data: 365.0,893.0,59.13
401.3 seconds
Nodes In Queue: 1
Bounds: [394.0,893.0]
Optimality Gap: 55.879999999999995%
Data: 394.0,893.0,55.879999999999995
1446.59 seconds
Nodes In Queue: 2
