File Name: n150w120.002.txt
Makespan Objective: false
Peel Setting: maximal
Max Width: 2048
Variety Search Width: 100
Parallel: false
Threads: 1
Time Limit (seconds): 3600
Memory Limit (GB): 640.0
Initial Solution:
Sequence: 1 42 25 7 57 38 104 114 47 105 58 93 22 92 103 88 71 80 77 31 109 76 94 116 35 61 142 6 30 53 5 8 85 66 149 52 11 119 15 56 131 55 12 86 147 23 106 97 18 99 70 91 139 113 16 130 136 9 79 111 64 135 59 134 132 33 83 29 75 24 36 98 108 74 19 72 110 4 14 138 81 112 60 87 146 62 100 21 127 126 107 121 137 43 63 13 150 89 40 96 141 101 115 82 68 37 143 67 46 145 2 118 54 128 48 44 65 10 129 45 124 123 73 117 50 102 78 90 28 17 32 133 41 144 148 69 20 122 49 27 26 51 140 95 3 39 120 84 34 151 125 152 
Cost: 805
180.07 seconds
Bounds: [134.0,805.0]
Optimality Gap: 83.35000000000001%
Data: 134.0,805.0,83.35000000000001
636.8 seconds
Improved Solution:
Sequence: 1 42 25 7 57 38 104 114 47 105 58 93 22 92 103 88 71 80 77 31 109 76 94 116 35 61 142 6 30 53 5 8 85 66 149 52 11 130 136 119 15 56 131 55 12 86 147 23 106 18 97 59 135 64 134 132 33 83 75 29 24 36 98 108 74 72 19 91 139 113 16 70 110 4 99 14 9 112 87 62 63 13 89 43 137 121 107 126 127 21 100 146 81 79 111 60 68 138 141 101 82 115 96 40 150 48 67 46 2 145 118 54 128 44 143 37 117 65 50 90 78 102 10 129 45 124 123 73 69 20 148 144 41 28 32 133 17 26 51 27 122 49 140 95 3 39 120 84 34 151 125 152 
Cost: 717
Bounds: [134.0,717.0]
Optimality Gap: 81.31%
Data: 134.0,717.0,81.31
899.64 seconds
Nodes In Queue: 1
Bounds: [209.0,717.0]
Optimality Gap: 70.85000000000001%
Data: 209.0,717.0,70.85000000000001
2036.31 seconds
Nodes In Queue: 2
