File Name: n150w140.002.txt
Makespan Objective: false
Peel Setting: maximal
Max Width: 2048
Variety Search Width: 100
Parallel: false
Threads: 1
Time Limit (seconds): 3600
Memory Limit (GB): 640.0
91.47 seconds
Bounds: [349.0,NA]
Data: 349.0,9223372036854775807,100.0
184.97 seconds
Improved Solution:
Sequence: 1 10 149 118 106 144 60 127 126 141 49 65 40 121 23 71 33 9 98 147 108 41 24 18 59 38 42 95 58 6 28 91 72 39 68 4 136 109 102 115 20 111 103 61 54 7 32 47 53 89 99 107 74 135 31 92 75 37 86 76 110 104 140 117 11 145 70 55 124 50 44 128 131 12 123 21 62 146 82 63 36 88 150 79 148 87 93 81 122 35 3 8 73 13 83 34 14 80 56 139 77 52 94 113 19 2 133 84 27 66 67 101 119 64 97 85 129 22 112 78 105 138 69 134 120 57 29 142 96 26 132 16 25 45 48 143 90 15 114 43 116 125 51 100 46 130 137 17 151 5 30 152 
Cost: 855
Bounds: [349.0,855.0]
Optimality Gap: 59.18%
Data: 349.0,855.0,59.18
552.22 seconds
Nodes In Queue: 1
Bounds: [407.0,855.0]
Optimality Gap: 52.400000000000006%
Data: 407.0,855.0,52.400000000000006
1841.32 seconds
Nodes In Queue: 2
