File Name: n150w140.003.txt
Makespan Objective: false
Peel Setting: maximal
Max Width: 2048
Variety Search Width: 100
Parallel: false
Threads: 1
Time Limit (seconds): 3600
Memory Limit (GB): 640.0
Initial Solution:
Sequence: 1 143 139 87 104 81 75 52 72 54 86 36 16 142 95 88 71 14 44 89 39 141 125 76 64 5 18 34 62 23 7 121 29 93 30 97 21 6 47 127 59 107 31 60 42 96 146 124 137 26 3 80 140 108 147 118 56 24 129 84 22 35 49 19 82 114 136 103 111 123 138 122 46 98 38 2 33 106 78 130 58 69 131 70 144 77 132 94 112 25 12 53 135 119 109 20 43 120 65 32 74 115 85 17 9 101 117 61 37 113 27 73 51 45 99 105 50 110 13 102 149 133 68 145 15 11 55 90 66 116 91 41 4 10 134 92 57 148 8 150 63 79 83 126 100 48 67 28 151 40 128 152 
Cost: 739
211.95 seconds
Bounds: [177.0,739.0]
Optimality Gap: 76.05%
Data: 177.0,739.0,76.05
735.74 seconds
Improved Solution:
Sequence: 1 71 88 95 142 16 36 139 143 87 104 141 125 39 76 64 5 18 34 23 62 121 7 81 75 52 72 54 86 14 89 44 3 26 137 124 146 96 42 60 31 107 127 21 30 93 29 97 6 47 108 59 140 80 112 2 33 130 58 69 131 122 138 111 123 103 136 114 82 19 35 49 129 84 22 24 56 25 46 98 38 78 106 144 70 77 132 120 43 109 147 20 118 119 135 53 12 51 73 74 85 115 102 65 94 13 110 50 105 99 45 9 17 101 61 117 37 113 27 32 149 133 145 68 15 8 63 11 55 90 66 116 91 41 10 57 4 148 92 134 40 150 79 83 126 100 48 67 28 128 151 152 
Cost: 738
Bounds: [177.0,738.0]
Optimality Gap: 76.02%
Data: 177.0,738.0,76.02
1169.73 seconds
Nodes In Queue: 1
Bounds: [215.0,738.0]
Optimality Gap: 70.87%
Data: 215.0,738.0,70.87
2608.48 seconds
Nodes In Queue: 2
