File Name: n150w120.004.txt
Makespan Objective: false
Peel Setting: maximal
Max Width: 2048
Variety Search Width: 100
Parallel: false
Threads: 1
Time Limit (seconds): 3600
Memory Limit (GB): 640.0
104.57 seconds
Bounds: [216.0,NA]
Data: 216.0,9223372036854775807,100.0
278.81 seconds
Improved Solution:
Sequence: 1 49 72 56 149 15 50 38 104 26 124 118 94 100 143 60 87 46 115 84 3 20 7 23 79 125 144 61 140 108 137 150 130 98 129 106 64 134 114 24 11 103 4 95 86 43 109 81 33 30 145 138 111 101 25 93 13 54 136 19 12 63 53 92 32 28 146 48 80 97 107 59 88 132 128 131 45 62 2 102 67 52 21 58 120 122 89 83 17 39 90 105 31 116 133 148 57 9 82 68 71 65 147 42 77 91 76 41 29 121 139 70 123 117 110 35 16 69 37 8 47 135 112 113 14 73 36 34 44 126 5 142 51 85 66 141 27 18 96 127 10 74 78 40 6 119 75 55 99 22 151 152 
Cost: 937
Bounds: [216.0,937.0]
Optimality Gap: 76.95%
Data: 216.0,937.0,76.95
411.87 seconds
Improved Solution:
Sequence: 1 20 3 49 72 56 149 15 50 38 104 61 130 150 137 108 87 144 125 79 60 143 100 94 118 124 7 26 23 84 115 46 140 98 129 101 25 106 64 134 114 24 11 103 4 86 43 95 109 81 33 145 138 30 93 13 54 136 19 12 128 132 88 131 53 63 111 92 32 59 28 146 48 80 97 107 62 2 67 102 52 21 58 89 122 120 45 77 121 83 17 39 90 105 31 116 133 148 57 9 68 76 82 71 65 147 42 91 41 29 139 70 123 117 110 35 69 16 37 8 47 135 112 113 73 36 34 44 126 5 14 142 74 51 66 85 141 27 18 96 127 10 78 40 6 55 75 119 99 22 151 152 
Cost: 835
Bounds: [216.0,835.0]
Optimality Gap: 74.13%
Data: 216.0,835.0,74.13
781.05 seconds
Nodes In Queue: 1
Bounds: [381.0,835.0]
Optimality Gap: 54.37%
Data: 381.0,835.0,54.37
2028.7 seconds
Nodes In Queue: 2
