File Name: n150w120.005.txt
Makespan Objective: false
Peel Setting: maximal
Max Width: 2048
Variety Search Width: 100
Parallel: false
Threads: 1
Time Limit (seconds): 3600
Memory Limit (GB): 640.0
Initial Solution:
Sequence: 1 107 32 65 12 120 118 147 104 136 84 101 19 66 48 116 8 28 73 63 62 88 16 5 133 35 121 54 24 106 30 75 29 11 90 143 74 150 109 145 56 3 140 99 13 34 102 82 39 77 98 76 135 87 97 59 40 27 6 112 25 21 46 37 91 69 141 138 45 60 81 113 26 31 61 18 68 44 23 72 146 92 17 55 64 57 83 103 96 122 117 130 9 131 53 126 100 67 71 125 20 132 41 86 15 47 149 10 129 110 51 58 42 128 134 22 7 14 50 79 137 85 70 105 2 49 78 123 124 108 111 80 139 95 93 52 115 43 127 94 38 89 36 144 119 151 33 114 4 148 142 152 
Cost: 863
200.13 seconds
Bounds: [153.0,863.0]
Optimality Gap: 82.27%
Data: 153.0,863.0,82.27
1238.86 seconds
Improved Solution:
Sequence: 1 107 32 65 12 120 118 147 133 104 136 5 16 62 88 84 66 19 48 116 101 35 121 54 24 106 30 29 75 11 90 143 74 150 109 8 6 28 73 145 63 3 56 112 140 99 13 34 25 102 27 82 39 77 40 59 44 81 97 113 26 31 68 61 18 87 135 76 98 41 20 125 71 21 46 37 91 141 138 60 45 23 126 72 146 92 100 69 55 64 67 57 83 117 130 9 131 53 17 103 122 96 22 7 86 132 14 50 47 15 149 10 129 42 128 2 134 110 51 58 105 79 137 70 85 78 123 124 111 80 52 93 95 139 94 49 108 127 115 43 38 36 144 119 89 151 33 114 4 148 142 152 
Cost: 754
Bounds: [153.0,754.0]
Optimality Gap: 79.71000000000001%
Data: 153.0,754.0,79.71000000000001
1664.92 seconds
Nodes In Queue: 1
Bounds: [266.0,754.0]
Optimality Gap: 64.72%
Data: 266.0,754.0,64.72
3378.53 seconds
Nodes In Queue: 2
