File Name: n150w120.001.txt
Makespan Objective: false
Peel Setting: maximal
Max Width: 2048
Variety Search Width: 100
Parallel: false
Threads: 1
Time Limit (seconds): 3600
Memory Limit (GB): 640.0
Initial Solution:
Sequence: 1 100 93 23 96 41 87 47 105 147 44 135 49 126 83 32 6 26 63 144 150 66 133 34 46 68 148 30 138 65 85 122 119 72 52 109 128 43 42 5 149 4 125 79 33 95 60 69 111 18 7 99 78 97 61 35 15 101 117 62 118 113 24 98 103 12 19 73 107 31 92 123 2 10 120 91 115 131 38 106 142 129 48 54 64 37 112 70 74 143 75 136 57 59 146 13 55 132 8 82 9 16 124 94 127 141 84 130 71 108 137 53 20 80 45 67 89 27 11 77 56 58 3 114 25 21 81 139 86 39 22 36 134 104 116 50 110 102 40 76 28 88 29 140 14 90 121 17 145 151 51 152 
Cost: 849
203.81 seconds
Bounds: [262.0,849.0]
Optimality Gap: 69.14%
Data: 262.0,849.0,69.14
1057.41 seconds
Improved Solution:
Sequence: 1 100 93 23 96 41 87 47 46 68 147 105 34 126 49 135 44 150 66 133 79 33 125 4 42 149 5 119 85 122 65 138 63 144 26 6 32 83 30 148 72 43 128 52 109 69 60 95 111 18 7 99 78 97 61 35 15 101 117 62 118 113 24 98 19 103 12 129 92 31 73 107 54 48 123 2 10 91 115 131 106 142 38 120 64 37 136 57 13 59 146 75 143 74 127 112 70 94 124 71 108 130 16 84 141 9 82 8 132 55 77 11 27 89 56 67 45 80 20 53 137 58 3 114 25 21 81 29 139 86 39 22 36 134 102 40 76 28 88 104 110 116 50 140 90 121 14 17 145 151 51 152 
Cost: 809
Bounds: [262.0,809.0]
Optimality Gap: 67.61%
Data: 262.0,809.0,67.61
1457.2 seconds
Nodes In Queue: 1
Bounds: [324.0,809.0]
Optimality Gap: 59.95%
Data: 324.0,809.0,59.95
2601.68 seconds
Nodes In Queue: 2
