File Name: n200w120.001.txt
Makespan Objective: false
Peel Setting: maximal
Max Width: 2048
Variety Search Width: 100
Parallel: false
Threads: 1
Time Limit (seconds): 3600
Memory Limit (GB): 640.0
198.57 seconds
Bounds: [312.0,NA]
Data: 312.0,9223372036854775807,100.0
521.42 seconds
Improved Solution:
Sequence: 1 107 2 38 97 110 61 25 35 26 24 174 135 128 50 16 117 185 130 198 75 85 136 115 21 139 77 60 144 54 90 105 98 47 56 51 108 113 137 184 131 3 129 114 96 87 187 157 172 59 109 65 28 62 30 106 52 173 10 42 9 44 19 74 57 194 37 159 53 183 120 100 23 88 118 167 197 79 7 64 12 124 68 48 103 200 123 175 119 178 76 39 196 169 31 127 32 82 148 160 149 191 112 67 33 180 69 140 17 189 91 181 78 49 168 11 14 195 101 73 133 147 72 158 141 34 84 4 122 80 95 70 111 94 182 8 163 177 83 81 138 143 151 121 102 89 104 153 66 18 165 126 46 152 199 20 13 27 162 55 154 116 193 170 22 176 146 58 92 71 166 43 5 132 164 86 40 15 155 179 188 41 150 145 190 99 93 142 171 45 63 36 186 192 125 134 161 156 29 6 201 202 
Cost: 910
Bounds: [312.0,910.0]
Optimality Gap: 65.71000000000001%
Data: 312.0,910.0,65.71000000000001
1419.54 seconds
Nodes In Queue: 1
