File Name: n150w160.005.txt
Makespan Objective: false
Peel Setting: maximal
Max Width: 2048
Variety Search Width: 100
Parallel: false
Threads: 1
Time Limit (seconds): 3600
Memory Limit (GB): 640.0
Initial Solution:
Sequence: 1 22 118 149 87 14 88 102 30 2 148 35 42 50 55 15 20 150 84 23 78 83 131 12 24 85 52 33 57 139 63 136 81 108 73 66 146 147 9 121 122 72 82 125 130 86 107 27 64 141 114 18 39 58 26 123 101 38 143 111 100 7 135 79 104 44 132 142 113 46 128 70 34 127 48 37 54 53 49 41 75 126 4 68 76 105 77 129 93 124 31 43 36 47 28 62 103 99 112 117 16 98 94 11 56 3 10 120 25 71 133 106 61 40 95 65 8 137 109 92 91 21 74 80 59 67 13 6 119 17 51 110 96 145 140 60 115 116 32 90 144 19 134 138 69 29 45 97 89 151 5 152 
Cost: 769
255.64 seconds
Bounds: [306.0,769.0]
Optimality Gap: 60.209999999999994%
Data: 306.0,769.0,60.209999999999994
959.62 seconds
Improved Solution:
Sequence: 1 22 118 149 87 150 20 84 23 78 83 131 42 35 55 15 50 148 2 30 14 88 102 122 72 82 125 121 9 24 85 52 33 57 139 63 107 136 81 108 73 66 146 12 147 7 100 111 143 38 101 123 26 58 39 18 114 141 64 27 86 77 105 76 68 4 126 75 41 53 49 54 37 129 124 132 44 104 142 113 79 135 130 46 128 70 31 34 127 48 93 36 47 28 62 103 99 10 112 117 43 16 98 94 11 56 3 120 25 71 133 106 61 40 95 65 8 59 67 80 74 137 21 91 109 92 116 60 140 145 6 119 13 17 51 110 96 19 144 134 90 32 115 138 69 29 45 97 89 151 5 152 
Cost: 736
Bounds: [306.0,736.0]
Optimality Gap: 58.42%
Data: 306.0,736.0,58.42
1615.83 seconds
Nodes In Queue: 1
Bounds: [320.0,736.0]
Optimality Gap: 56.52%
Data: 320.0,736.0,56.52
3206.15 seconds
Nodes In Queue: 2
