File Name: n200w120.002.txt
Makespan Objective: false
Peel Setting: maximal
Max Width: 2048
Variety Search Width: 100
Parallel: false
Threads: 1
Time Limit (seconds): 3600
Memory Limit (GB): 640.0
Initial Solution:
Sequence: 1 33 187 28 39 8 50 48 193 10 6 197 25 153 125 101 22 139 176 34 92 185 16 184 2 72 23 110 67 112 91 17 188 173 71 27 80 180 189 104 157 74 119 3 186 158 140 148 106 168 183 156 89 120 54 76 166 84 123 68 47 165 172 129 175 90 15 164 116 43 81 45 38 97 94 7 35 132 135 75 127 111 114 12 86 154 117 131 138 151 146 145 199 103 49 196 62 58 192 109 14 87 190 152 32 60 79 46 142 30 61 122 44 51 177 163 93 59 182 73 9 29 133 144 136 130 37 141 171 19 126 78 200 181 70 191 170 42 162 41 194 26 198 36 113 108 5 121 115 161 98 95 137 124 63 118 24 174 64 100 82 134 31 169 107 143 56 66 150 11 99 18 160 69 21 149 85 57 65 155 102 88 55 13 83 179 105 195 52 147 128 53 178 40 20 96 77 201 159 4 167 202 
Cost: 929
353.36 seconds
Bounds: [184.0,929.0]
Optimality Gap: 80.19%
Data: 184.0,929.0,80.19
2224.49 seconds
Improved Solution:
Sequence: 1 33 187 28 39 8 50 48 193 10 6 197 25 153 125 101 22 139 176 34 92 185 16 184 2 72 23 110 67 112 91 17 188 173 71 27 80 180 189 104 157 74 119 3 186 158 140 148 106 168 183 156 89 120 54 76 166 84 123 68 47 165 172 129 175 90 15 164 116 43 81 45 38 97 94 7 35 132 135 75 127 111 114 12 86 154 117 131 138 151 146 145 199 103 49 196 62 58 192 109 14 87 190 152 32 60 79 46 142 30 61 122 44 51 177 163 93 59 182 73 9 29 133 144 136 130 37 141 171 19 126 78 200 181 70 191 170 42 162 41 194 26 198 36 113 108 5 121 115 161 98 95 137 124 63 118 24 174 64 100 82 134 31 169 107 143 56 66 150 11 99 18 160 69 21 149 85 57 65 155 102 88 55 13 83 179 105 195 52 147 128 53 178 40 20 96 77 201 4 167 159 202 
Cost: 919
Bounds: [184.0,919.0]
Optimality Gap: 79.97999999999999%
Data: 184.0,919.0,79.97999999999999
2460.12 seconds
Improved Solution:
Sequence: 1 33 187 28 39 8 50 48 193 10 6 197 25 153 125 119 74 22 139 101 3 186 158 34 176 92 185 16 183 120 156 168 110 23 72 2 184 67 17 91 188 173 27 180 80 71 189 112 106 104 148 157 140 166 84 123 76 89 54 68 165 47 172 129 175 90 15 164 116 43 154 45 81 86 111 114 38 97 7 35 94 132 135 75 127 151 145 199 103 49 196 62 58 146 138 131 117 142 12 46 109 192 14 87 190 93 163 177 152 79 60 32 59 182 73 9 51 44 122 98 30 61 191 170 70 181 200 130 136 29 133 144 78 37 126 19 162 171 141 41 42 194 26 198 36 113 108 5 121 115 161 150 63 124 95 137 118 66 11 24 174 64 100 82 134 107 31 169 149 21 69 160 18 99 56 143 102 155 57 85 65 88 55 13 83 179 105 52 128 147 4 195 53 40 20 178 96 77 159 201 167 202 
Cost: 822
Bounds: [184.0,822.0]
Optimality Gap: 77.62%
Data: 184.0,822.0,77.62
2923.17 seconds
Nodes In Queue: 1
