File Name: n150w160.002.txt
Makespan Objective: false
Peel Setting: maximal
Max Width: 2048
Variety Search Width: 100
Parallel: false
Threads: 1
Time Limit (seconds): 3600
Memory Limit (GB): 640.0
91.65 seconds
Bounds: [181.0,NA]
Data: 181.0,9223372036854775807,100.0
255.27 seconds
Improved Solution:
Sequence: 1 52 36 45 93 90 115 89 64 74 149 49 12 57 43 82 110 39 140 22 13 62 143 98 5 20 100 87 42 134 116 68 60 28 94 141 137 35 139 17 146 78 105 97 27 71 67 51 122 23 72 96 103 25 86 117 4 123 148 88 3 70 108 31 32 40 113 133 38 75 101 69 26 119 145 81 73 129 59 53 18 106 63 30 19 132 107 84 54 104 85 114 7 9 61 150 2 83 79 121 11 99 120 77 135 58 33 55 128 76 138 8 95 34 144 102 6 130 111 10 50 125 112 127 14 91 136 126 142 44 15 37 21 65 56 48 66 47 109 92 41 46 16 147 80 124 29 151 24 131 118 152 
Cost: 826
Bounds: [181.0,826.0]
Optimality Gap: 78.09%
Data: 181.0,826.0,78.09
683.56 seconds
Nodes In Queue: 1
Bounds: [286.0,826.0]
Optimality Gap: 65.38000000000001%
Data: 286.0,826.0,65.38000000000001
2289.05 seconds
Nodes In Queue: 2
