File Name: n200w120.003.txt
Makespan Objective: false
Peel Setting: maximal
Max Width: 2048
Variety Search Width: 100
Parallel: false
Threads: 1
Time Limit (seconds): 3600
Memory Limit (GB): 640.0
163.09 seconds
Bounds: [336.0,NA]
Data: 336.0,9223372036854775807,100.0
329.37 seconds
Improved Solution:
Sequence: 1 179 39 186 32 174 49 98 83 41 188 156 161 195 166 30 63 124 121 107 55 178 102 84 90 144 48 170 192 158 76 62 72 197 92 100 57 59 28 177 88 146 159 106 196 163 52 185 190 22 73 7 198 17 119 99 69 140 103 23 116 154 97 50 60 109 110 131 118 15 153 10 56 133 93 136 51 25 14 115 71 96 70 78 74 184 132 137 187 13 9 167 141 89 113 42 58 168 173 105 183 64 180 85 77 24 8 111 112 128 101 120 54 172 37 91 108 16 130 114 139 43 157 193 200 171 12 27 82 135 40 38 129 2 19 145 155 175 122 79 3 194 160 123 182 45 53 104 47 127 152 36 44 151 68 6 87 75 18 126 191 35 149 31 148 80 5 147 95 61 65 169 150 143 134 66 21 176 138 162 33 189 86 34 199 26 94 29 142 181 11 4 164 46 81 67 117 201 165 20 125 202 
Cost: 983
Bounds: [336.0,983.0]
Optimality Gap: 65.82000000000001%
Data: 336.0,983.0,65.82000000000001
985.6 seconds
Nodes In Queue: 1
