File Name: n150w140.005.txt
Makespan Objective: false
Peel Setting: maximal
Max Width: 2048
Variety Search Width: 100
Parallel: false
Threads: 1
Time Limit (seconds): 3600
Memory Limit (GB): 640.0
Initial Solution:
Sequence: 1 109 12 26 78 13 99 106 112 98 108 25 143 88 2 60 5 28 122 41 23 59 103 56 84 71 21 135 113 65 16 86 133 6 22 148 144 149 118 150 29 101 102 7 127 120 35 3 53 111 20 128 45 142 11 95 139 74 4 117 90 49 50 115 129 126 15 14 93 124 138 76 110 9 8 73 121 81 70 91 52 27 116 123 48 47 34 79 42 96 87 107 37 141 72 54 33 146 40 36 147 18 85 38 83 30 136 125 62 55 75 44 131 10 67 97 100 105 61 63 43 92 58 114 82 31 32 57 19 66 24 80 17 39 132 69 137 130 94 77 51 89 104 145 64 151 134 68 46 140 119 152 
Cost: 766
252.19 seconds
Bounds: [189.0,766.0]
Optimality Gap: 75.33%
Data: 189.0,766.0,75.33
915.9 seconds
Improved Solution:
Sequence: 1 71 109 84 56 12 26 78 112 13 99 106 98 108 25 143 88 2 60 5 28 122 41 23 59 103 113 65 16 86 133 6 22 148 144 150 149 118 29 101 102 7 127 120 35 3 53 111 20 135 21 45 142 34 50 129 126 15 14 124 93 76 138 123 4 74 139 95 117 90 49 47 11 128 87 116 27 52 91 70 81 121 73 8 9 110 96 42 79 115 48 107 37 141 72 54 33 146 40 36 147 18 85 38 83 30 136 125 62 55 75 44 131 10 67 32 100 105 61 19 63 43 92 58 114 82 31 97 57 66 24 80 17 39 132 69 137 130 94 89 104 145 64 51 46 77 134 68 151 140 119 152 
Cost: 750
Bounds: [189.0,750.0]
Optimality Gap: 74.8%
Data: 189.0,750.0,74.8
1465.94 seconds
Nodes In Queue: 1
Bounds: [197.0,750.0]
Optimality Gap: 73.72999999999999%
Data: 197.0,750.0,73.72999999999999
2929.67 seconds
Nodes In Queue: 2
