File Name: n150w160.004.txt
Makespan Objective: false
Peel Setting: maximal
Max Width: 2048
Variety Search Width: 100
Parallel: false
Threads: 1
Time Limit (seconds): 3600
Memory Limit (GB): 640.0
Initial Solution:
Sequence: 1 40 45 130 132 5 93 4 27 78 115 99 12 47 148 43 60 136 63 13 82 150 36 9 84 88 138 114 145 77 76 85 8 39 67 33 141 42 137 113 108 22 44 49 56 71 104 123 38 73 37 19 126 119 146 124 118 46 50 17 74 65 106 80 68 24 87 125 48 16 29 75 149 35 101 96 95 55 102 140 120 139 128 70 26 129 90 103 66 143 57 7 10 64 69 134 61 18 144 79 94 147 72 109 142 28 100 97 15 51 122 14 98 59 111 30 3 86 133 20 31 34 54 2 135 110 127 62 25 58 41 131 53 121 92 6 32 116 107 91 89 52 11 21 105 117 23 81 112 83 151 152 
Cost: 839
217.48 seconds
Bounds: [226.0,839.0]
Optimality Gap: 73.06%
Data: 226.0,839.0,73.06
773.7 seconds
Improved Solution:
Sequence: 1 45 130 132 40 138 114 5 145 93 4 27 78 115 99 12 44 22 108 113 137 42 141 9 36 67 33 84 150 39 82 13 63 136 60 43 148 47 88 77 76 8 85 139 24 68 101 106 65 74 17 75 149 56 49 71 104 123 38 126 37 19 73 119 146 124 118 46 50 35 80 87 125 48 16 29 128 70 120 96 95 140 55 102 90 129 26 79 103 66 143 57 7 144 18 10 64 69 134 61 94 147 72 109 142 28 100 97 15 51 122 14 59 98 111 30 3 86 41 133 31 20 54 2 135 121 53 110 127 25 62 92 58 34 131 6 32 116 107 91 89 52 11 21 105 117 23 81 112 83 151 152 
Cost: 749
Bounds: [226.0,749.0]
Optimality Gap: 69.83%
Data: 226.0,749.0,69.83
1441.82 seconds
Nodes In Queue: 1
Bounds: [336.0,749.0]
Optimality Gap: 55.14%
Data: 336.0,749.0,55.14
2739.22 seconds
Nodes In Queue: 2
