File Name: n200w120.004.txt
Makespan Objective: false
Peel Setting: maximal
Max Width: 2048
Variety Search Width: 100
Parallel: false
Threads: 1
Time Limit (seconds): 3600
Memory Limit (GB): 640.0
180.57 seconds
Bounds: [291.0,NA]
Data: 291.0,9223372036854775807,100.0
435.57 seconds
Improved Solution:
Sequence: 1 45 69 132 93 162 9 193 157 89 163 30 129 125 56 77 183 168 131 191 143 161 109 180 36 100 118 121 95 142 197 50 52 112 81 8 119 88 33 148 86 103 187 64 66 114 175 6 97 17 46 7 83 62 158 116 174 73 3 55 39 44 98 194 92 156 135 76 188 27 74 11 16 150 160 139 159 138 72 110 198 43 54 63 166 108 23 177 34 75 25 61 123 24 106 134 78 31 165 82 145 113 65 84 38 41 60 105 164 47 190 37 141 122 107 173 79 67 57 137 111 15 147 29 85 146 99 2 154 144 13 167 26 179 5 151 196 94 182 136 32 149 186 51 189 120 184 140 126 70 115 185 22 127 18 58 48 42 59 130 102 14 199 20 19 104 101 133 10 152 117 128 49 171 53 192 68 170 71 153 124 169 96 4 90 12 35 40 176 21 80 200 195 155 181 178 87 91 172 28 201 202 
Cost: 887
Bounds: [291.0,887.0]
Optimality Gap: 67.19000000000001%
Data: 291.0,887.0,67.19000000000001
1272.76 seconds
Nodes In Queue: 1
