File Name: n150w160.003.txt
Makespan Objective: false
Peel Setting: maximal
Max Width: 2048
Variety Search Width: 100
Parallel: false
Threads: 1
Time Limit (seconds): 3600
Memory Limit (GB): 640.0
103.95 seconds
Bounds: [150.0,NA]
Data: 150.0,9223372036854775807,100.0
225.36 seconds
Improved Solution:
Sequence: 1 91 87 128 11 95 114 105 127 138 121 89 50 97 144 28 25 75 124 22 41 67 149 130 73 143 32 64 66 60 84 37 74 31 20 45 39 132 68 38 148 126 88 108 47 136 146 116 46 103 72 17 111 58 139 112 35 49 110 82 133 62 134 86 129 30 5 56 48 137 26 18 100 3 79 57 43 135 98 122 19 54 83 14 131 102 53 7 23 51 109 142 76 34 65 80 10 36 117 24 59 12 107 147 13 6 77 42 55 29 27 81 93 118 70 9 61 150 71 101 69 125 145 15 33 115 52 16 119 99 4 96 123 8 94 106 113 85 40 21 141 104 92 78 140 44 63 120 90 2 151 152 
Cost: 772
Bounds: [150.0,772.0]
Optimality Gap: 80.57%
Data: 150.0,772.0,80.57
904.58 seconds
Nodes In Queue: 1
Bounds: [170.0,772.0]
Optimality Gap: 77.98%
Data: 170.0,772.0,77.98
2679.37 seconds
Nodes In Queue: 2
