File Name: n200w140.003.txt
Makespan Objective: false
Peel Setting: maximal
Max Width: 2048
Variety Search Width: 100
Parallel: false
Threads: 1
Time Limit (seconds): 3600
Memory Limit (GB): 640.0
Initial Solution:
Sequence: 1 70 62 153 143 123 95 14 122 113 27 179 137 120 174 112 57 47 61 158 24 31 63 173 23 196 195 124 100 157 140 33 200 135 84 78 186 6 152 97 127 12 59 177 72 54 5 160 53 43 119 133 129 28 85 171 81 156 169 34 9 55 71 41 52 188 21 17 181 15 98 90 144 134 121 76 67 139 42 4 189 167 92 166 180 199 93 117 25 65 87 20 39 94 66 159 89 147 163 141 107 46 19 132 10 149 138 103 161 77 187 13 82 184 29 2 154 68 101 148 175 105 64 145 22 38 111 142 108 8 86 83 150 126 99 190 40 162 128 165 182 197 26 176 168 51 37 109 170 35 155 50 73 115 58 32 49 178 30 106 75 60 192 110 80 131 114 198 18 191 146 3 88 7 96 104 183 74 185 130 102 16 118 56 151 69 193 125 164 172 11 79 48 136 44 194 91 116 36 45 201 202 
Cost: 920
397.21 seconds
Bounds: [241.0,920.0]
Optimality Gap: 73.8%
Data: 241.0,920.0,73.8
1402.09 seconds
Improved Solution:
Sequence: 1 70 62 153 143 123 95 122 14 113 27 179 137 120 174 112 57 47 61 158 24 31 160 173 23 195 196 54 33 200 135 84 78 186 6 152 97 85 12 59 177 119 133 140 157 100 124 43 53 63 5 72 129 28 156 81 171 4 42 127 169 34 9 55 71 92 199 181 17 21 188 52 41 139 67 121 76 134 144 117 93 90 98 15 25 65 87 94 66 159 89 147 163 20 39 166 180 167 189 68 154 2 29 184 82 13 187 77 161 103 138 149 10 148 101 175 105 64 141 145 107 46 19 132 22 38 111 142 108 8 86 83 150 126 99 190 40 162 128 165 182 197 26 176 168 32 58 115 73 50 170 37 51 109 75 106 35 155 49 178 60 192 110 80 131 198 114 18 191 146 3 7 96 104 88 30 183 74 185 102 130 151 69 193 16 118 56 125 164 172 11 79 48 136 44 194 91 116 36 45 201 202 
Cost: 897
Bounds: [241.0,897.0]
Optimality Gap: 73.13%
Data: 241.0,897.0,73.13
2177.61 seconds
Nodes In Queue: 1
