File Name: n200w140.004.txt
Makespan Objective: false
Peel Setting: maximal
Max Width: 2048
Variety Search Width: 100
Parallel: false
Threads: 1
Time Limit (seconds): 3600
Memory Limit (GB): 640.0
189.44 seconds
Bounds: [284.0,NA]
Data: 284.0,9223372036854775807,100.0
393.54 seconds
Improved Solution:
Sequence: 1 188 120 36 42 54 6 69 109 48 137 73 25 148 174 114 2 12 185 142 143 133 63 104 67 8 184 46 65 68 192 93 144 24 80 168 199 119 76 190 37 50 94 27 131 55 127 171 181 83 159 116 165 66 160 196 128 121 154 153 51 124 100 151 170 57 103 112 102 15 113 163 140 32 28 41 62 19 29 88 169 22 167 38 58 182 147 49 96 180 40 11 126 141 115 87 166 90 177 195 145 194 117 200 61 157 35 21 138 135 106 60 23 164 161 33 156 152 53 26 129 197 79 173 98 74 125 99 31 122 59 172 34 146 78 136 107 3 178 86 97 198 176 110 64 134 20 85 123 139 84 189 183 91 89 16 150 71 70 4 81 45 162 72 77 47 186 39 101 5 175 43 193 111 187 191 14 52 108 44 30 75 18 7 13 92 56 17 10 105 149 82 155 130 132 118 179 9 95 201 158 202 
Cost: 932
Bounds: [284.0,932.0]
Optimality Gap: 69.53%
Data: 284.0,932.0,69.53
1265.15 seconds
Nodes In Queue: 1
