File Name: n200w120.005.txt
Makespan Objective: false
Peel Setting: maximal
Max Width: 2048
Variety Search Width: 100
Parallel: false
Threads: 1
Time Limit (seconds): 3600
Memory Limit (GB): 640.0
Initial Solution:
Sequence: 1 90 180 21 192 155 86 87 37 140 56 153 160 115 102 143 132 59 182 40 70 171 152 114 189 121 33 146 137 91 142 82 128 75 13 117 73 84 74 179 113 14 175 18 178 119 181 27 154 44 200 109 101 43 38 177 9 57 149 191 170 196 157 144 80 150 167 165 25 51 23 135 47 17 89 172 4 186 2 54 176 164 77 68 16 156 163 183 61 120 131 3 94 7 5 66 110 129 116 34 88 76 188 173 11 151 95 35 8 193 30 123 108 199 97 112 64 45 28 96 60 52 81 133 92 93 72 169 48 79 49 85 136 185 118 22 12 41 71 83 147 184 58 127 106 65 103 105 197 67 195 148 69 19 104 6 198 161 31 24 124 29 36 122 39 166 26 174 55 42 50 99 126 32 145 63 134 168 62 190 187 98 15 125 139 20 100 194 141 46 111 162 10 159 53 78 138 107 130 201 158 202 
Cost: 1064
399.68 seconds
Bounds: [258.0,1064.0]
Optimality Gap: 75.75%
Data: 258.0,1064.0,75.75
1007.14 seconds
Improved Solution:
Sequence: 1 90 21 180 192 155 86 87 152 171 160 153 56 140 37 114 189 121 33 146 137 157 113 179 74 84 73 117 144 75 128 13 82 142 91 181 119 27 143 102 115 70 40 182 59 132 154 44 200 109 101 43 38 177 9 57 167 191 149 68 16 170 196 178 18 175 14 80 150 25 165 51 23 135 47 17 89 3 131 4 172 186 2 54 176 164 77 94 61 5 66 110 163 156 183 129 116 34 88 173 11 188 108 199 7 120 76 123 151 95 35 193 8 30 112 97 64 28 45 96 60 93 72 133 92 49 79 81 52 169 48 6 19 127 106 65 85 136 147 185 118 22 83 71 41 12 184 58 103 105 197 67 195 148 69 104 198 161 31 24 124 29 36 122 39 166 26 174 62 190 55 42 50 187 98 15 99 126 32 145 53 63 168 125 134 139 159 10 162 111 46 141 100 20 194 78 138 107 130 201 158 202 
Cost: 960
Bounds: [258.0,960.0]
Optimality Gap: 73.11999999999999%
Data: 258.0,960.0,73.11999999999999
1763.6 seconds
Nodes In Queue: 1
