File Name: n200w140.001.txt
Makespan Objective: false
Peel Setting: maximal
Max Width: 2048
Variety Search Width: 100
Parallel: false
Threads: 1
Time Limit (seconds): 3600
Memory Limit (GB): 640.0
121.32 seconds
Bounds: [134.0,NA]
Data: 134.0,9223372036854775807,100.0
388.08 seconds
Improved Solution:
Sequence: 1 47 32 59 113 173 119 127 187 91 85 55 158 56 115 7 154 76 184 143 75 52 116 191 132 183 157 167 200 73 168 196 66 8 112 128 159 61 156 10 194 175 105 101 142 70 125 62 177 144 94 148 13 15 35 135 28 109 83 165 39 161 38 19 20 6 78 100 99 21 18 92 169 185 198 64 27 199 149 179 164 190 192 188 77 145 16 33 126 140 50 22 34 23 81 139 118 84 90 160 68 46 122 134 11 44 53 123 106 30 170 40 147 54 195 151 166 174 67 95 93 88 172 89 58 60 25 80 155 138 82 103 104 197 153 43 182 97 2 51 45 96 69 26 186 57 108 3 86 152 17 65 180 24 178 48 162 121 42 114 12 79 163 189 150 111 74 120 36 31 98 29 124 171 102 9 87 37 72 181 131 49 193 146 133 137 129 63 71 107 141 117 41 4 136 14 201 5 130 110 176 202 
Cost: 1053
Bounds: [134.0,1053.0]
Optimality Gap: 87.27000000000001%
Data: 134.0,1053.0,87.27000000000001
1226.98 seconds
Nodes In Queue: 1
Bounds: [177.0,1053.0]
Optimality Gap: 83.19%
Data: 177.0,1053.0,83.19
1437.2 seconds
Nodes In Queue: 1
