File Name: n200w140.005.txt
Makespan Objective: false
Peel Setting: maximal
Max Width: 2048
Variety Search Width: 100
Parallel: false
Threads: 1
Time Limit (seconds): 3600
Memory Limit (GB): 640.0
142.5 seconds
Bounds: [148.0,NA]
Data: 148.0,9223372036854775807,100.0
413.26 seconds
Improved Solution:
Sequence: 1 105 93 9 106 171 4 77 113 54 146 137 170 117 143 75 193 107 68 28 26 44 85 132 3 43 37 31 63 182 122 174 82 73 144 168 10 92 126 150 39 200 50 160 111 165 55 16 96 41 194 62 164 101 153 87 52 25 198 119 177 167 65 19 91 78 58 27 6 181 24 166 70 33 147 88 5 129 154 134 38 141 159 192 172 29 66 116 138 189 97 130 13 145 11 133 8 155 20 12 180 64 2 15 34 108 98 149 94 21 61 191 114 185 32 79 71 190 131 112 120 115 23 186 80 109 84 121 184 118 125 59 90 127 161 14 110 89 95 60 175 136 53 100 162 173 103 179 135 142 45 22 49 197 187 56 48 188 123 124 67 86 46 81 178 169 99 35 42 163 183 7 57 76 40 157 17 104 151 30 196 128 18 74 156 199 139 36 176 152 83 47 158 69 51 201 140 102 148 72 195 202 
Cost: 927
Bounds: [148.0,927.0]
Optimality Gap: 84.03%
Data: 148.0,927.0,84.03
1349.25 seconds
Nodes In Queue: 1
