File Name: n200w140.002.txt
Makespan Objective: false
Peel Setting: maximal
Max Width: 2048
Variety Search Width: 100
Parallel: false
Threads: 1
Time Limit (seconds): 3600
Memory Limit (GB): 640.0
Initial Solution:
Sequence: 1 78 174 86 84 36 83 21 68 162 109 26 129 44 66 175 57 39 2 35 185 199 92 16 149 69 41 103 152 141 62 5 196 111 120 168 121 197 45 148 159 13 22 55 54 130 15 93 125 32 112 11 105 67 187 119 200 51 172 146 40 29 101 147 6 8 65 179 94 131 100 49 10 71 124 80 24 70 126 87 177 18 160 117 27 37 139 77 116 195 110 43 191 167 61 115 161 140 107 165 72 30 123 176 91 154 82 118 138 90 85 64 81 73 114 20 188 132 144 33 58 151 95 181 193 3 53 76 4 74 59 89 50 97 42 7 153 75 133 128 183 143 98 19 127 170 79 158 106 96 157 169 56 88 47 12 17 136 190 31 156 38 198 134 34 182 104 135 46 166 63 173 180 113 155 102 189 60 9 163 23 25 108 171 192 194 122 145 184 14 137 52 48 99 164 186 142 28 178 201 150 202 
Cost: 930
391.51 seconds
Bounds: [180.0,930.0]
Optimality Gap: 80.65%
Data: 180.0,930.0,80.65
1607.49 seconds
Improved Solution:
Sequence: 1 78 174 86 84 36 83 68 21 109 162 196 2 39 57 175 66 44 129 26 35 199 92 16 149 69 41 185 103 152 141 62 5 121 197 45 148 159 13 51 172 146 168 120 111 40 200 130 15 125 32 112 11 105 67 187 119 54 55 22 94 179 93 65 8 6 147 100 131 49 10 71 80 24 70 87 177 18 160 117 191 167 61 43 110 195 116 77 139 101 29 124 37 27 126 123 176 30 72 165 107 140 95 161 115 188 132 20 144 181 114 33 58 151 91 154 82 118 138 90 85 64 3 53 81 73 193 153 7 76 4 74 59 89 50 97 158 133 75 98 143 183 128 79 170 19 127 106 96 42 134 34 182 38 198 47 56 169 88 12 17 136 190 31 156 104 135 46 166 63 173 157 180 113 189 102 155 60 9 163 23 108 25 171 137 14 184 145 122 194 164 186 192 48 52 99 142 28 178 201 150 202 
Cost: 895
Bounds: [180.0,895.0]
Optimality Gap: 79.89%
Data: 180.0,895.0,79.89
2395.09 seconds
Nodes In Queue: 1
