File Name: rc_206.2.txt
Makespan Objective: false
Peel Setting: maximal
Max Width: 2048
Variety Search Width: 100
Parallel: false
Threads: 1
Time Limit (seconds): 3600
Memory Limit (GB): 640.0
Initial Solution:
Sequence: 1 35 36 20 28 21 27 16 19 23 10 8 5 6 24 30 29 15 9 17 31 32 2 7 14 11 22 3 4 37 18 25 12 13 33 34 26 38 
Cost: 851.5438999999999
6.11 seconds
Bounds: [641.8123000000002,851.5438999999999]
Optimality Gap: 24.63%
Data: 641.8123000000002,851.5438999999999,24.63
19.94 seconds
Improved Solution:
Sequence: 1 35 36 28 21 27 16 19 23 10 8 24 15 30 29 20 17 6 5 14 9 7 31 32 2 3 4 37 22 18 25 12 11 13 33 34 26 38 
Cost: 836.7259000000001
Bounds: [641.8123000000002,836.7259000000001]
Optimality Gap: 23.29%
Data: 641.8123000000002,836.7259000000001,23.29
40.72 seconds
Nodes In Queue: 1
Improved Solution:
Sequence: 1 35 36 28 21 27 16 19 23 10 8 5 6 9 20 29 30 15 24 14 17 31 32 2 3 4 37 18 22 7 11 25 12 13 33 34 26 38 
Cost: 833.1330000000002
Bounds: [734.8091000000001,833.1330000000002]
Optimality Gap: 11.799999999999999%
Data: 734.8091000000001,833.1330000000002,11.799999999999999
61.19 seconds
Nodes In Queue: 2
Bounds: [742.6852,833.1330000000002]
Optimality Gap: 10.86%
Data: 742.6852,833.1330000000002,10.86
72.19 seconds
Nodes In Queue: 3
Bounds: [762.4274999999999,833.1330000000002]
Optimality Gap: 8.49%
Data: 762.4274999999999,833.1330000000002,8.49
82.4 seconds
Nodes In Queue: 3
Improved Solution:
Sequence: 1 35 36 28 21 27 16 19 23 10 8 5 6 20 29 30 15 24 14 9 17 31 32 37 2 3 4 22 18 25 7 11 12 13 33 34 26 38 
Cost: 829.2525000000002
Bounds: [777.3503000000001,829.2525000000002]
Optimality Gap: 6.260000000000001%
Data: 777.3503000000001,829.2525000000002,6.260000000000001
87.07 seconds
Nodes In Queue: 3
Improved Solution:
Sequence: 1 21 35 36 20 28 27 16 19 23 10 8 5 24 30 29 15 6 14 9 17 31 32 2 3 4 37 18 22 7 11 25 12 13 33 34 26 38 
Cost: 828.7708000000001
Bounds: [792.0763,828.7708000000001]
Optimality Gap: 4.43%
Data: 792.0763,828.7708000000001,4.43
90.99 seconds
Nodes In Queue: 3
Bounds: [816.4563,828.7708000000001]
Optimality Gap: 1.49%
Data: 816.4563,828.7708000000001,1.49
94.19 seconds
Nodes In Queue: 3
Bounds: [820.1888000000001,828.7708000000001]
Optimality Gap: 1.04%
Data: 820.1888000000001,828.7708000000001,1.04
96.74 seconds
Nodes In Queue: 2
Improved Solution:
Sequence: 1 35 36 28 20 21 27 16 19 23 10 8 5 24 30 29 15 6 14 9 17 31 32 2 3 4 37 18 22 7 11 25 12 13 33 34 26 38 
Cost: 828.0591000000001
Bounds: [820.9005000000002,828.0591000000001]
Optimality Gap: 0.86%
Data: 820.9005000000002,828.0591000000001,0.86
100.14 seconds
Nodes In Queue: 1
Optimal Solution Found:
Sequence: 1 35 36 28 20 21 27 16 19 23 10 8 5 24 30 29 15 6 14 9 17 31 32 2 3 4 37 18 22 7 11 25 12 13 33 34 26 38 
Cost: 828.0591000000001
102.63 seconds
Bounds: [828.0591000000001,828.0591000000001]
Optimality Gap: 0.0%
Data: 828.0591000000001,828.0591000000001,0.0
102.63 seconds
