File Name: rbg323a.sop
Peel Setting: frontier
Max Width: 2048
Variety Search Width: 5
Parallel: false
Threads: 1
Time Limit (seconds): 3600
Memory Limit (GB): 640.0
Initial Solution:
Sequence: 1 4 3 2 8 21 23 13 5 17 24 18 25 19 7 16 10 9 11 20 14 15 12 6 26 22 35 27 34 33 32 30 29 31 28 66 69 50 39 53 48 37 67 47 36 38 68 45 40 42 41 54 55 52 46 51 43 44 72 57 49 77 64 61 59 58 56 63 60 62 65 76 73 71 70 83 81 74 75 78 92 79 106 94 85 95 82 84 80 99 90 100 88 107 86 102 87 96 91 89 93 108 105 97 109 104 103 98 101 111 110 112 114 113 115 116 118 119 120 117 122 123 121 124 129 126 130 131 147 125 132 128 133 135 134 127 138 136 137 142 141 144 140 143 139 146 145 153 152 181 148 182 160 150 149 166 162 161 167 168 183 163 151 154 194 156 155 189 184 164 165 159 158 188 171 157 172 190 175 191 177 180 176 186 170 169 178 174 173 179 187 234 193 232 185 197 192 211 239 209 237 236 218 238 253 213 231 202 240 203 248 214 250 216 196 249 199 251 217 195 247 208 222 220 224 205 233 204 219 198 255 225 246 207 210 254 223 206 212 200 226 201 228 227 215 256 230 229 221 235 244 243 242 257 241 245 258 252 271 259 273 263 275 267 272 260 268 262 261 264 269 265 274 266 276 270 278 277 282 286 285 280 284 283 281 279 289 288 291 290 293 292 287 295 294 300 299 296 297 298 301 304 303 306 305 302 313 307 311 310 308 309 315 314 312 316 319 318 320 317 322 321 324 323 325 
Cost: 3449
457.22 seconds
Bounds: [776,3449]
Optimality Gap: 77.5%
Data: 776,3449,77.5
2517.02 seconds
Improved Solution:
Sequence: 1 4 3 2 8 21 20 23 13 5 17 24 18 25 19 7 16 10 9 14 15 11 12 6 26 22 35 27 34 33 31 32 30 29 28 66 45 39 53 48 36 67 47 37 38 50 40 68 52 42 41 44 51 43 56 46 72 57 49 54 55 63 77 64 62 59 58 69 61 60 71 70 65 83 81 74 75 78 76 73 92 79 84 82 80 93 106 94 88 107 99 85 95 90 100 91 87 89 86 102 108 105 96 104 103 109 101 98 97 111 110 112 113 114 115 116 118 117 119 120 122 123 124 121 128 147 125 132 129 126 130 131 133 135 134 127 138 136 137 142 141 143 139 144 140 180 146 145 153 152 181 148 182 160 150 149 166 162 161 156 155 194 154 151 189 184 164 165 159 158 188 171 157 172 183 163 190 175 169 167 174 168 176 178 173 186 170 191 177 231 179 187 234 193 232 185 233 192 211 239 209 237 236 218 238 253 213 212 197 248 214 250 216 240 203 196 247 199 205 195 249 215 224 251 217 222 220 204 219 198 255 225 246 207 210 254 223 206 221 200 226 201 228 227 208 202 256 230 229 235 243 242 257 241 258 244 245 252 271 259 275 267 273 263 272 260 268 262 261 269 265 264 274 266 276 270 278 277 281 279 280 284 287 283 282 286 285 289 288 295 294 291 290 293 292 296 301 297 302 298 300 299 306 305 304 303 312 311 310 308 309 313 307 317 316 319 318 315 314 320 323 321 324 322 325 
Cost: 3324
Bounds: [776,3324]
Optimality Gap: 76.64999999999999%
Data: 776,3324,76.64999999999999
3046.78 seconds
Nodes In Queue: 1
