File Name: rbg174a.sop
Peel Setting: frontier
Max Width: 2048
Variety Search Width: 5
Parallel: false
Threads: 1
Time Limit (seconds): 3600
Memory Limit (GB): 640.0
Initial Solution:
Sequence: 1 2 5 3 4 8 6 9 7 13 11 10 17 16 14 19 15 20 12 18 28 26 24 22 23 21 30 29 25 31 27 34 35 37 36 33 32 40 38 42 41 39 45 43 44 50 49 48 47 46 57 52 54 53 56 51 73 60 59 62 55 65 58 68 67 72 66 61 70 63 64 75 74 71 69 80 79 78 76 87 84 89 82 83 77 86 85 81 90 96 95 91 93 92 94 88 109 103 98 97 106 110 99 107 100 101 102 105 104 112 114 111 108 115 113 116 122 119 118 117 123 124 120 121 127 126 125 145 132 128 129 153 141 134 130 138 140 139 133 137 146 135 155 143 136 154 142 131 148 150 144 147 152 151 149 163 158 157 168 159 169 160 164 156 162 167 166 165 161 171 173 170 172 175 174 176 
Cost: 2172
58.7 seconds
Bounds: [1066,2172]
Optimality Gap: 50.92%
Data: 1066,2172,50.92
242.65 seconds
Improved Solution:
Sequence: 1 2 5 3 4 10 8 6 9 7 13 11 16 14 18 17 12 19 20 15 25 23 21 28 26 24 22 27 35 30 29 36 33 34 31 32 38 37 40 42 41 39 45 44 43 47 46 48 50 49 51 57 52 55 54 53 60 62 58 73 56 59 66 61 70 64 63 71 65 67 72 76 75 68 74 69 84 89 82 77 80 79 78 90 87 88 86 85 81 83 92 96 95 91 94 93 97 109 103 98 99 110 102 100 101 104 105 112 106 111 113 108 107 115 114 119 120 116 118 117 122 121 126 124 125 123 127 129 145 132 128 133 137 155 143 134 130 138 131 153 141 146 135 154 142 152 140 139 148 136 149 147 150 144 151 161 165 158 157 164 156 162 167 166 168 159 169 160 163 173 170 172 171 175 174 176 
Cost: 2041
Bounds: [1066,2041]
Optimality Gap: 47.77%
Data: 1066,2041,47.77
332.92 seconds
Nodes In Queue: 1
Bounds: [1090,2041]
Optimality Gap: 46.589999999999996%
Data: 1090,2041,46.589999999999996
601.99 seconds
Nodes In Queue: 2
Bounds: [1094,2041]
Optimality Gap: 46.400000000000006%
Data: 1094,2041,46.400000000000006
870.52 seconds
Nodes In Queue: 3
Bounds: [1095,2041]
Optimality Gap: 46.35%
Data: 1095,2041,46.35
1424.39 seconds
Nodes In Queue: 5
Bounds: [1097,2041]
Optimality Gap: 46.25%
Data: 1097,2041,46.25
1707.83 seconds
Nodes In Queue: 6
Bounds: [1098,2041]
Optimality Gap: 46.2%
Data: 1098,2041,46.2
2848.44 seconds
Nodes In Queue: 10
Bounds: [1099,2041]
Optimality Gap: 46.150000000000006%
Data: 1099,2041,46.150000000000006
3426.17 seconds
Nodes In Queue: 12
