File Name: rbg253a.sop
Peel Setting: frontier
Max Width: 2048
Variety Search Width: 5
Parallel: false
Threads: 1
Time Limit (seconds): 3600
Memory Limit (GB): 640.0
Initial Solution:
Sequence: 1 2 5 3 4 8 6 9 7 13 11 10 17 16 14 19 15 20 12 18 28 26 24 22 23 21 30 29 25 31 27 34 35 37 36 32 33 40 38 42 41 39 45 44 43 50 49 48 47 46 57 52 54 53 56 51 73 60 59 62 55 65 58 68 67 72 66 61 70 63 64 75 74 71 69 80 79 78 76 87 84 89 82 83 77 86 85 81 90 96 95 91 93 92 94 88 109 103 98 97 99 110 106 107 105 101 102 104 100 112 114 111 108 115 113 116 122 119 118 117 123 124 120 121 127 125 126 145 132 128 129 153 141 134 130 138 140 139 133 137 146 135 154 142 136 155 143 131 148 150 144 147 152 151 149 169 160 163 158 157 168 159 164 156 162 167 166 161 165 173 170 172 171 183 176 180 179 178 182 175 177 174 185 187 181 186 214 190 184 195 206 194 197 193 198 191 188 189 216 208 192 217 210 201 218 212 202 203 196 205 204 200 199 209 213 207 211 215 227 225 221 219 226 222 220 230 228 223 232 224 229 236 235 231 237 233 242 234 239 241 243 238 240 249 248 250 244 251 252 247 245 253 246 254 255 
Cost: 3148
140.31 seconds
Bounds: [1292,3148]
Optimality Gap: 58.96%
Data: 1292,3148,58.96
564.63 seconds
Improved Solution:
Sequence: 1 2 5 3 4 10 8 6 9 7 13 11 18 17 12 16 14 19 15 20 25 23 21 28 26 24 22 27 31 32 35 30 29 33 34 38 37 36 40 42 41 39 45 44 43 47 46 48 50 49 54 53 52 51 57 60 55 58 73 56 62 66 61 59 63 71 68 64 65 67 72 76 75 74 70 69 84 89 82 77 80 79 78 90 87 81 88 86 85 83 94 92 96 95 91 93 97 109 103 104 98 105 101 99 110 100 102 112 108 107 106 111 115 113 114 119 121 117 122 118 120 116 125 126 123 124 127 129 145 132 128 133 137 155 143 134 130 138 131 153 141 146 135 154 142 152 140 139 148 136 149 147 150 144 151 161 165 158 157 164 156 162 167 166 168 159 169 160 163 173 170 172 171 183 176 177 174 180 182 175 185 179 178 187 181 184 186 214 190 188 215 206 189 216 191 217 208 192 210 194 197 195 198 193 203 201 218 212 200 202 199 196 207 211 204 205 209 222 220 213 221 219 225 228 223 232 224 229 227 226 236 235 234 230 231 237 233 242 238 243 239 241 240 249 248 250 244 246 252 245 247 253 251 254 255 
Cost: 2968
Bounds: [1292,2968]
Optimality Gap: 56.47%
Data: 1292,2968,56.47
760.88 seconds
Nodes In Queue: 1
Bounds: [1421,2968]
Optimality Gap: 52.12%
Data: 1421,2968,52.12
1574.82 seconds
Nodes In Queue: 2
Bounds: [1512,2968]
Optimality Gap: 49.059999999999995%
Data: 1512,2968,49.059999999999995
2374.81 seconds
Nodes In Queue: 3
Bounds: [1544,2968]
Optimality Gap: 47.980000000000004%
Data: 1544,2968,47.980000000000004
3169.09 seconds
Nodes In Queue: 4
