File Name: kro124p.2.sop
Peel Setting: frontier
Max Width: 2048
Variety Search Width: 5
Parallel: false
Threads: 1
Time Limit (seconds): 3600
Memory Limit (GB): 640.0
Initial Solution:
Sequence: 1 93 28 58 61 87 51 9 57 86 27 12 20 35 62 60 23 45 98 91 15 11 21 74 72 10 84 88 94 22 79 53 90 49 6 63 92 75 97 80 31 89 42 8 67 64 40 69 50 68 85 29 34 83 55 3 43 46 14 71 100 48 52 96 5 37 33 13 82 95 73 81 7 77 32 17 99 36 38 18 16 70 65 26 66 4 19 56 54 2 39 30 41 78 76 44 25 47 59 24 101 
Cost: 50931
104.04 seconds
Bounds: [23779,50931]
Optimality Gap: 53.31%
Data: 23779,50931,53.31
821.38 seconds
Improved Solution:
Sequence: 1 63 6 49 92 8 67 28 93 58 61 87 51 9 57 86 27 12 20 35 62 60 23 45 32 15 17 21 74 72 10 84 90 79 53 88 94 22 70 18 24 99 11 91 98 77 83 55 34 46 43 3 71 100 48 78 96 5 52 37 33 13 76 95 82 39 85 68 73 50 44 2 64 54 40 31 89 80 56 75 19 65 26 66 4 97 42 69 25 7 29 14 41 30 81 47 59 36 38 16 101 
Cost: 47322
Bounds: [23779,47322]
Optimality Gap: 49.75%
Data: 23779,47322,49.75
1078.46 seconds
Nodes In Queue: 1
Bounds: [23874,47322]
Optimality Gap: 49.55%
Data: 23874,47322,49.55
2438.95 seconds
Nodes In Queue: 2
