File Name: rbg150a.sop
Peel Setting: frontier
Max Width: 2048
Variety Search Width: 5
Parallel: false
Threads: 1
Time Limit (seconds): 3600
Memory Limit (GB): 640.0
Initial Solution:
Sequence: 1 8 3 5 6 4 7 2 17 12 9 10 11 18 21 13 14 25 22 19 20 16 15 24 26 28 23 27 30 29 33 31 37 34 32 38 36 35 45 43 41 39 40 46 44 42 49 47 52 50 55 51 56 48 54 53 64 62 59 57 60 58 63 67 66 65 61 71 73 70 72 68 69 76 74 78 77 75 81 80 79 86 85 84 83 82 93 88 90 89 92 87 109 96 95 98 91 101 94 104 103 108 102 97 106 99 100 111 110 107 105 116 115 114 112 123 120 125 118 119 113 122 121 117 126 132 131 127 129 128 130 124 145 139 133 134 135 146 143 142 137 138 141 140 136 150 148 147 149 144 151 152 
Cost: 1841
43.72 seconds
Bounds: [669,1841]
Optimality Gap: 63.660000000000004%
Data: 669,1841,63.660000000000004
183.23 seconds
Improved Solution:
Sequence: 1 4 7 2 5 8 3 10 6 13 17 12 9 16 15 11 18 19 14 25 22 23 20 21 24 26 28 27 30 29 33 31 34 32 38 37 36 35 45 43 41 39 40 46 44 42 49 47 54 53 48 52 50 55 51 56 61 60 57 64 62 59 58 63 71 66 65 69 70 68 67 74 73 72 76 78 77 75 81 80 79 83 82 84 86 85 87 93 92 90 89 88 95 91 94 104 103 108 109 96 98 101 99 97 100 105 102 116 115 114 112 111 110 106 107 125 118 113 126 123 119 124 122 121 120 117 128 132 131 130 129 127 133 145 139 134 138 135 146 141 137 140 136 142 147 149 143 150 148 144 151 152 
Cost: 1756
Bounds: [669,1756]
Optimality Gap: 61.9%
Data: 669,1756,61.9
238.19 seconds
Nodes In Queue: 1
Bounds: [761,1756]
Optimality Gap: 56.66%
Data: 761,1756,56.66
486.99 seconds
Nodes In Queue: 2
Bounds: [785,1756]
Optimality Gap: 55.300000000000004%
Data: 785,1756,55.300000000000004
727.31 seconds
Nodes In Queue: 3
Bounds: [786,1756]
Optimality Gap: 55.24%
Data: 786,1756,55.24
966.97 seconds
Nodes In Queue: 4
Bounds: [787,1756]
Optimality Gap: 55.17999999999999%
Data: 787,1756,55.17999999999999
1229.83 seconds
Nodes In Queue: 5
Bounds: [788,1756]
Optimality Gap: 55.13%
Data: 788,1756,55.13
1749.1 seconds
Nodes In Queue: 7
Bounds: [789,1756]
Optimality Gap: 55.06999999999999%
Data: 789,1756,55.06999999999999
2534.67 seconds
Nodes In Queue: 10
